4207126: 3,7,2
4207021: 7,20,12
4206543: 12,34,12
4206493: 9,22,15
4206311: 6,11,6
4206173: 5,6,6
4205770: 0,3,0
4205733: 12,12,11
4205388: 10,15,6
4205207: 10,15,14
4204960: 4,9,3
4204106: 36,57,41
4204096: 28,35,23
4204085: 6,9,5
4196458: 8,18,11
4196424: 1,6,2
4196161: 1,4,2
4195851: 1,2,4
4182841: 16,33,23
4181869: 6,3,4
4182661: 7,5,1
4180366: 0,1,0
4175908: 13,60,7
4174399: 4,8,6
4174100: 9,61,11
4174098: 0,7,1
4174429: 2,6,1
4174768: 8,76,16
4157113: 5,5,3
4156662: 1,0,0
4156623: 2,5,7
4156612: 0,2,2
4156600: 66,190,70
4156693: 27,73,32
4156441: 3,7,5
4156420: 2,2,1
4156135: 3,5,6
4155920: 7,33,19
4155849: 0,2,3
4155847: 7,26,6
4155633: 2,2,0
4129812: 16,30,23
4129599: 7,4,11
4129533: 14,34,16
4129272: 6,3,3
4129259: 0,4,5
4128980: 0,1,2
4127157: 10,5,7
4126386: 12,9,7
4126192: 11,3,3
4125979: 9,8,7
4125936: 23,9,13
4125822: 36,34,15
4125532: 1,0,0
4125490: 0,2,1
4207104: 4,5,2
4206717: 14,53,27
4206669: 35,113,37
4206306: 6,10,2
4205936: 3,2,0
4205225: 2,3,6
4204948: 5,6,4
4204069: 7,12,4
4202376: 8,12,9
4199010: 1,0,2
4198993: 6,31,15
4198895: 3,3,3
4198697: 6,14,9
4198532: 4,8,2
4198489: 1,1,1
4198477: 3,2,1
4198426: 10,28,9
4197468: 4,13,3
4197322: 18,99,29
4131905: 4,5,2
4130995: 4,2,3
4130928: 1,1,1
4131078: 4,5,3
4131467: 1,1,1
4207138: 1,8,4
4206946: 8,11,6
4206856: 5,10,4
4206822: 12,40,10
4206750: 16,31,28
4206652: 11,14,10
4206625: 11,20,13
4206397: 47,70,43
4204812: 11,24,7
4204422: 20,30,16
4204403: 16,20,20
4204358: 23,67,38
4204275: 28,24,18
4204273: 14,15,7
4207163: 1,1,2
4200560: 5,3,3
4180113: 2,7,7
4179919: 6,11,0
4179810: 1,5,1
4179122: 9,10,11
3957548: 7,15,6
3957156: 6,33,10
3956664: 24,106,25
3956532: 16,18,5
3956269: 45,108,54
3955946: 31,55,29
3955828: 20,35,13
3955662: 34,96,38
3955505: 15,37,25
3955084: 9,44,34
3951900: 9,21,18
3951708: 19,21,15
3951239: 6,25,6
3950387: 9,21,18
3948944: 12,31,24
3940470: 10,11,4
3949768: 4,15,6
3949456: 4,8,4
3948133: 5,10,6
3947371: 1,5,3
3947038: 2,5,3
3664564: 4,13,7
3660941: 7,15,7
3656759: 23,117,33
3933013: 14,34,20
3932646: 20,65,40
3932028: 5,16,4
3930342: 104,193,143
3930093: 39,82,56
3929585: 11,37,15
3929513: 8,12,5
3925362: 5,8,4
3915832: 3,10,4
3913963: 23,76,33
3913918: 8,12,8
3912564: 25,46,41
3895329: 12,29,14
3895069: 9,17,7
3895210: 8,59,32
3895157: 11,18,15
3895082: 5,13,2
3894900: 17,36,24
3893899: 66,251,79
3494280: 42,107,49
3494260: 42,122,64
3891784: 6,25,8
3892857: 3,17,8
3892655: 6,8,5
3891688: 9,43,10
3890667: 6,31,4
3894707: 34,50,44
180310020: 1,2,1
3913845: 13,33,19
3913502: 3,15,4
3913099: 18,35,24
3910485: 21,43,10
3913632: 5,16,7
3913603: 11,38,15
3910182: 24,37,26
3883719: 1,3,3
3883327: 12,29,15
3882582: 4,6,5
3883241: 25,62,40
3882567: 9,11,8
3882437: 3,7,8
3882201: 86,93,106
3881931: 2,2,4
3881821: 1,2,2
3881815: 0,0,1
3881561: 2,3,2
3881380: 2,1,0
3881186: 1,3,7
3875993: 0,3,0
3871937: 1,1,1
3871788: 6,8,4
3870331: 26,55,23
3869841: 14,35,25
3848524: 5,11,5
3835405: 9,8,5
3815606: 9,14,17
3831201: 8,16,9
3854870: 3,10,8
3852934: 4,5,2
3852349: 6,12,8
3795799: 0,3,1
3795765: 28,51,35
3795650: 14,16,13
3795032: 3,7,6
3775375: 20,54,17
3774817: 5,3,1
3774559: 2,9,7
3753534: 31,39,41
3752972: 16,27,23
3774647: 5,13,7
3774624: 16,22,24
3774789: 2,7,3
3774932: 35,62,63
3795748: 4,7,5
3878549: 1,4,2
3876453: 4,3,5
3877374: 7,21,16
3882240: 12,21,17
3882406: 4,3,5
3882402: 3,1,7
3882309: 2,9,8
3890588: 27,57,48
3913009: 14,15,14
3912814: 12,33,17
3912117: 40,64,34
3911446: 5,16,8
3910439: 19,26,13
3910401: 17,14,17
3895459: 11,13,10
3886458: 24,22,19
3885930: 14,26,19
3885784: 20,31,23
3885113: 33,62,47
3874082: 45,168,65
3873269: 27,58,24
3873423: 55,101,53
3873173: 21,36,17
3883847: 14,15,15
3883336: 3,11,5
3911821: 4,11,5
3911730: 6,50,28
3908863: 31,22,25
3908835: 4,2,2
3908663: 2,1,2
3900934: 4,3,3
3900739: 19,57,28
3888726: 8,11,10
3888404: 3,2,2
3887959: 3,1,1
3886542: 14,8,9
3886322: 14,13,7
3886168: 9,11,4
3886102: 5,4,3
3886034: 3,2,4
3885921: 0,2,1
3885881: 1,3,8
3885946: 14,4,9
3887843: 5,8,5
3887487: 3,7,2
3886081: 3,2,3
3852795: 0,3,2
3887558: 5,1,0
3886434: 8,4,3
3873100: 38,56,46
3873027: 7,14,8
3895110: 0,0,2
3892141: 0,4,5
3894954: 1,2,0
3894720: 2,2,3
3894503: 4,11,4
3893080: 3,15,8
3893056: 3,15,6
3893026: 7,32,27
3892995: 14,37,9
3874651: 9,11,6
3891775: 8,11,10
3892628: 6,16,6
3892452: 5,24,17
3747905: 5,14,7
3746890: 2,6,5
3746975: 1,7,2
3746922: 2,3,4
3747133: 2,7,4
3371652: 1,0,0
3747887: 3,10,12
3770505: 6,25,9
3770134: 50,74,56
3769938: 4,8,1
3769580: 7,26,8
3764791: 7,17,11
3764767: 5,5,3
3764726: 1,0,1
3764353: 1,0,1
3764199: 4,5,1
3764112: 1,3,0
3764168: 10,8,5
3763928: 6,7,11
3745445: 0,3,3
3744616: 1,3,1
3744298: 3,17,7
3763888: 2,9,6
3763844: 2,6,1
3763672: 3,12,11
3763116: 1,6,3
3763559: 1,5,2
3763307: 4,3,4
3763115: 1,4,4
3762849: 2,5,0
3762640: 2,16,7
3762639: 1,2,0
3761921: 1,6,2
3762019: 0,4,3
3758647: 0,7,5
3733698: 4,0,3
3733672: 35,43,27
3733660: 15,37,15
3732962: 3,7,2
3732784: 3,7,2
3732647: 1,0,0
3732565: 7,9,4
3731243: 17,10,16
3732279: 10,23,17
3730969: 7,12,11
3753186: 5,3,9
3762950: 6,13,7
3762865: 0,9,2
3762886: 1,4,4
3763103: 0,5,5
3764182: 1,3,1
3764402: 0,2,0
3764648: 9,9,15
3764422: 1,0,1
3768271: 0,5,1
3765656: 4,12,4
3765023: 5,4,3
3764954: 1,5,3
3764623: 0,2,0
3765127: 8,30,8
3770258: 5,5,3
3770293: 8,15,8
3770251: 0,2,0
3770290: 4,17,15
3799504: 35,56,33
3799485: 9,16,12
3799103: 20,16,5
3797405: 4,12,8
3796678: 4,8,1
3782584: 7,21,7
3777771: 3,11,2
3778847: 2,7,5
3798281: 10,19,15
3795183: 4,12,2
3790974: 0,0,1
3790549: 1,0,1
3795806: 4,14,9
3795394: 11,26,11
3770192: 11,24,15
3795060: 11,14,10
3783768: 12,11,11
3782729: 22,15,12
3781575: 8,10,10
3778760: 15,13,9
3778686: 17,5,5
3777940: 25,6,11
3777711: 13,6,8
3773629: 17,6,6
3772456: 13,12,6
3772765: 10,16,7
3772720: 0,6,3
3771747: 0,2,0
3772666: 0,3,1
3778060: 13,11,9
3769867: 15,6,4
3768164: 7,7,4
3768138: 6,9,5
3767846: 15,18,11
3767757: 6,18,8
3767752: 13,32,16
3767728: 5,5,3
3766587: 16,18,15
3766180: 15,7,4
3766141: 4,7,3
3753130: 27,50,28
3766186: 30,36,13
3493682: 40,57,32
3766236: 13,7,11
3767669: 2,1,2
3767876: 2,2,1
3767942: 9,3,10
3795568: 7,14,5
3893051: 6,11,12
3892925: 4,8,4
3889002: 1,4,2
3888690: 7,10,7
3882894: 9,11,10
3882750: 9,5,12
3882709: 11,22,18
3882639: 1,2,3
3882675: 3,2,4
3882646: 7,3,4
3882553: 3,3,2
3882354: 6,14,9
3881613: 4,5,1
3873166: 4,5,4
3877930: 14,20,11
3877422: 0,4,2
3873802: 8,8,7
3872155: 3,11,6
3872125: 5,7,9
3872044: 3,7,3
3871971: 4,8,7
3870080: 3,5,4
3869986: 1,1,2
3869888: 5,4,6
3869972: 1,9,7
3869903: 6,5,1
3872006: 6,13,3
3882828: 19,35,13
3894417: 6,9,9
3891104: 4,8,2
3890573: 4,8,6
3890882: 6,8,4
3890689: 14,9,7
3890384: 2,11,4
3908121: 5,10,4
3907769: 0,1,0
3901015: 6,5,4
3900938: 2,3,9
3900943: 7,6,11
3908781: 1,2,0
3908846: 6,9,11
3911349: 6,17,8
3910853: 16,54,25
3910709: 0,7,1
3910673: 0,1,1
3910666: 14,27,19
3910657: 12,11,8
3910656: 12,32,13
3910646: 7,6,11
3910633: 10,9,9
3910629: 11,17,7
3910624: 24,37,18
3910622: 2,5,2
3910620: 4,5,4
3910617: 2,21,9
3910653: 2,5,2
3910093: 3,9,13
3910654: 3,3,5
3910651: 4,2,3
3911112: 11,13,5
3910686: 8,17,8
3911890: 26,62,24
3904424: 26,34,28
3913453: 19,24,18
3912464: 13,41,22
3912560: 49,82,76
3912179: 2,23,9
3912111: 6,25,9
3912072: 6,14,3
3911967: 1,9,2
3911918: 8,14,5
3911871: 6,25,16
3911465: 31,77,49
3911437: 15,15,12
3912042: 2,2,1
3912010: 5,33,15
3836393: 41,117,66
3836331: 43,111,72
3836142: 60,187,84
3836052: 172,481,230
3835984: 93,155,85
3835970: 28,83,46
3835951: 15,42,29
3883609: 27,104,59
3880049: 5,17,9
3877511: 26,80,38
3925692: 51,128,77
3924529: 37,59,31
3924387: 39,96,53
3923716: 3,18,5
3921086: 5,8,7
3830639: 51,140,66
3830344: 28,94,62
3830316: 19,31,13
3930209: 32,70,39
3896104: 9,11,13
3892725: 13,24,11
3892356: 17,104,35
3891154: 11,26,8
3905616: 13,29,11
3899265: 14,12,7
3897793: 9,25,14
3897505: 4,6,3
3897424: 3,4,1
3897255: 8,21,4
3736358: 16,30,14
3736252: 5,2,3
3736229: 0,2,0
3736089: 0,1,1
3735837: 2,3,4
3735784: 1,3,2
3735701: 0,0,3
3735571: 1,0,3
3735563: 11,18,15
3735552: 2,0,0
3735436: 2,3,2
3734939: 6,7,6
3734833: 1,1,0
3734936: 3,11,12
3734840: 0,3,1
3734854: 0,0,3
3734751: 1,13,8
3734515: 0,1,0
3734444: 0,1,0
3734688: 3,0,3
3734459: 1,7,3
3734388: 3,5,0
3734247: 17,10,4
3734336: 3,0,2
3734025: 1,7,2
3734016: 0,2,0
3733987: 4,3,2
3733982: 0,2,1
3733865: 5,5,4
3733845: 4,20,5
3735817: 1,0,1
3735789: 0,0,1
3735521: 7,23,8
3735351: 3,6,4
3734689: 13,14,10
3734034: 10,9,6
3734112: 13,8,6
3733986: 2,6,3
3735998: 2,1,0
3735980: 2,1,3
3735876: 4,1,1
3735597: 9,20,14
3735708: 0,1,0
3735657: 3,2,3
3734178: 2,2,2
3734096: 1,0,1
3733991: 0,5,8
4206384: 0,4,3
4205897: 5,9,3
4205684: 14,11,12
4205432: 7,5,4
4195947: 65,160,77
4195503: 4,25,9
4195441: 19,57,25
4194898: 49,116,61
4194630: 48,104,55
4194409: 4,0,1
4194222: 30,31,21
4194087: 5,9,2
4194082: 23,16,13
4087132: 19,92,35
4081633: 6,33,18
4053285: 10,27,15
4206374: 11,23,21
4206364: 19,59,26
4205949: 13,36,16
4197900: 13,41,9
4197456: 5,5,2
4197203: 4,3,2
4196729: 34,80,40
4196515: 6,6,2
4196425: 7,21,8
4026641: 3,14,21
4026613: 0,3,2
4025580: 3,4,0
4025146: 6,9,7
3918721: 10,19,7
3917844: 44,68,36
3917479: 24,66,25
3916726: 3,5,4
3916600: 9,41,13
3914458: 21,50,16
3876693: 10,18,12
3875008: 17,22,14
3916544: 10,25,11
3916424: 22,55,25
3916212: 17,68,21
3916456: 7,43,12
3916750: 29,106,38
3916731: 13,58,15
3912416: 7,9,6
3887908: 5,14,5
3900075: 4,25,9
3887339: 10,27,5
3880083: 6,10,5
3887216: 13,32,21
3886470: 0,6,1
3882099: 1,4,2
3896760: 9,9,11
3800517: 1,2,1
3900649: 1,3,0
3900974: 3,3,1
3912375: 0,9,3
3911876: 2,4,2
3905042: 2,2,3
3903801: 3,1,0
3893245: 0,1,1
3892006: 4,10,5
3887905: 15,24,12
3891423: 1,1,0
4207228: 1,5,4
4207226: 3,8,3
4207204: 1,3,3
4205990: 7,3,4
4205300: 0,0,1
4202142: 3,7,6
4202117: 1,4,1
4202081: 4,11,9
4201392: 2,16,8
4201089: 3,2,3
4200145: 2,1,0
4199528: 2,7,4
4197605: 11,25,10
4196657: 12,10,8
4196620: 8,28,11
4196328: 13,22,12
4195685: 7,20,4
4195413: 40,103,52
3929464: 0,1,0
3927751: 2,7,2
3924301: 0,4,3
3923868: 12,57,21
3925118: 1,9,1
3925363: 2,18,7
3925681: 1,4,1
3927825: 7,22,7
3927803: 2,15,1
4207263: 4,4,2
4207028: 2,12,6
4206720: 2,3,3
4204425: 1,12,7
4204152: 1,3,1
4203928: 40,148,51
4203788: 8,52,11
4202702: 43,256,59
4202758: 16,103,18
4203920: 8,19,18
4203275: 4,2,3
4203044: 7,23,16
4202482: 6,15,9
4202452: 5,2,8
4202436: 4,3,6
4202408: 7,5,4
4202403: 0,4,1
4202383: 0,2,0
4202373: 3,8,7
4202348: 15,19,16
4202339: 38,30,44
4202064: 0,2,1
4202020: 0,3,0
4201998: 0,5,1
4201798: 1,6,2
4201779: 3,7,3
4201662: 6,15,10
4201620: 21,44,39
4200620: 12,18,18
4199506: 5,13,4
4199287: 0,4,0
4198969: 3,6,5
4198546: 2,8,0
4197780: 1,2,2
4197173: 2,0,0
4197032: 3,7,12
4196770: 0,1,2
4196720: 0,0,1
4196572: 1,0,2
4207081: 18,39,16
4206437: 40,70,38
4205341: 28,64,32
4203516: 81,154,79
4203432: 4,18,2
4203418: 7,31,8
4203368: 1,4,5
4203301: 7,18,13
4203239: 11,41,27
4203131: 3,14,5
4203098: 7,37,13
4203054: 8,27,17
4202962: 6,12,9
4206145: 16,45,31
4204300: 19,56,31
4206945: 26,19,20
4206958: 4,13,3
4172652: 8,27,5
4172648: 2,1,1
4170900: 7,44,21
4170812: 3,5,8
4170786: 4,3,2
4168624: 9,17,9
4165464: 0,4,3
4165093: 9,9,6
4164489: 0,1,2
4163546: 1,4,2
4163459: 4,3,1
4161997: 23,88,35
4161936: 197,731,314
4161575: 16,30,13
4160047: 3,0,1
3985063: 1,0,2
3984639: 1,0,0
3983799: 1,0,3
3983710: 0,2,1
3978624: 4,4,1
3878305: 1,1,0
3907520: 2,2,2
3897094: 1,3,1
3896765: 6,8,5
3863147: 1,2,5
3886916: 0,2,0
3865804: 11,18,9
4204634: 1,5,4
4201657: 4,23,7
4201641: 23,7,4
4201351: 4,5,5
4200854: 0,4,2
4200804: 12,37,17
4200562: 5,1,2
4199513: 49,49,41
4199636: 14,40,21
4199399: 3,4,10
4193680: 5,14,7
4193290: 9,37,16
4193074: 9,32,29
4191904: 21,48,25
4191900: 2,8,5
4191866: 9,28,10
4191823: 4,8,8
4191808: 9,26,20
4191717: 61,166,121
4191550: 3,11,8
4191520: 0,7,3
4190946: 0,4,0
4187814: 2,0,0
4135012: 0,6,3
4190858: 2,5,3
4128967: 0,0,1
4045779: 11,15,12
3986239: 4,9,2
3986075: 45,85,33
3985942: 7,14,9
3985755: 30,27,20
3985666: 68,100,83
3984983: 17,46,21
3984711: 25,60,36
3984290: 12,15,14
3983837: 28,40,26
3983828: 16,28,22
3983801: 5,14,14
3983747: 9,21,21
3983711: 28,32,46
3983650: 13,25,13
3983392: 22,34,18
3983334: 16,41,25
3983205: 17,55,12
3958898: 21,21,20
3958869: 74,254,113
3951137: 2,2,4
3950850: 0,7,1
3949446: 2,3,1
3929317: 6,20,14
3806664: 0,1,1
3790427: 1,2,1
3790972: 0,0,1
4098459: 5,18,7
4078800: 9,55,12
4078640: 3,13,5
4082007: 22,63,15
4081791: 36,164,41
4081722: 49,173,79
4081705: 57,195,63
4081654: 1,5,0
4207336: 1,8,4
4204110: 1,3,3
4207345: 0,2,1
4205872: 4,11,5
4205170: 21,42,20
4204971: 25,89,31
4204963: 6,13,7
4205104: 4,39,13
4205386: 25,54,35
4205299: 13,43,16
4205184: 18,50,18
3980539: 1,1,0
3946075: 0,4,0
3934239: 1,2,0
3914542: 6,14,1
3913715: 0,6,2
3883305: 0,5,0
3903858: 2,3,0
4207377: 3,5,2
4207431: 2,7,6
4206067: 27,72,34
4205890: 0,1,1
4205456: 8,20,7
4205440: 2,3,1
4205847: 0,1,2
4204277: 4,8,2
4204228: 0,2,1
4204140: 0,3,2
4205249: 0,2,0
4207467: 0,1,2
4207504: 0,2,0
4207536: 2,7,1
4065883: 6,18,9
4065377: 12,45,14
4065351: 3,14,1
4207591: 2,10,3
4207622: 3,6,4
4207613: 7,49,16
4208393: 50,80,64
4206261: 18,54,24
4205365: 26,89,30
4207997: 2,10,3
4199082: 4,9,5
4198337: 21,33,28
4196849: 2,10,2
4208321: 11,16,4
4208230: 29,80,32
4208410: 3,12,7
4208332: 4,17,10
4208293: 4,6,4
4208278: 4,15,9
4208232: 6,17,8
4167484: 6,7,6
4164858: 25,83,36
4161878: 4,19,6
4161738: 0,2,0
4157738: 1,0,3
4157715: 0,7,7
4153345: 7,5,5
4153292: 56,171,84
4207699: 18,15,14
4207982: 6,3,7
4207740: 36,167,40
4207704: 13,134,29
4202585: 1,5,1
4107545: 0,5,0
4106523: 0,2,0
4106473: 1,1,0
4160396: 0,2,3
4148692: 0,3,0
4145109: 34,111,43
4135011: 10,21,15
3908672: 105,374,166
3906562: 115,380,121
3906370: 24,78,44
3906347: 13,51,26
3906301: 23,77,38
3906014: 37,122,59
4208501: 4,10,2
4208295: 1,7,6
4199664: 6,15,9
4199280: 25,23,14
4199088: 12,11,12
4198999: 5,9,5
4196913: 23,52,35
4196149: 19,76,27
4194921: 2,5,1
4194717: 18,72,23
4192669: 54,186,81
4192314: 4,8,3
4167093: 23,51,21
4167029: 71,147,68
4166385: 10,13,14
4165144: 2,0,0
4162836: 9,9,11
4162742: 2,2,1
4162631: 1,4,1
4162685: 15,23,14
4162504: 95,121,89
4162332: 24,23,21
4162271: 104,256,132
4162018: 41,69,43
4161020: 26,74,29
4160922: 26,92,26
4156962: 133,176,165
4156935: 60,97,61
4156905: 4,14,5
4156598: 25,42,29
4156588: 2,1,3
4155202: 5,12,4
4155201: 3,4,2
4153699: 2,11,9
4153107: 6,15,5
4153104: 6,2,6
4150009: 35,46,29
4149175: 17,56,23
4149761: 12,30,11
4149495: 21,53,20
4149460: 43,107,49
4148607: 8,17,13
4147828: 15,40,18
4147373: 2,15,14
4147304: 2,2,1
4147113: 1,7,8
4208240: 2,20,3
4208211: 0,9,1
4208134: 3,11,3
4206062: 4,5,3
4206045: 3,3,2
4206018: 3,3,3
4205975: 2,2,0
4200679: 10,23,11
4200028: 17,25,20
4199896: 2,1,4
4199772: 1,1,0
4199714: 7,4,0
4199955: 1,5,3
4198515: 10,6,14
4198200: 7,2,1
4198173: 1,0,1
4197927: 6,8,1
4197233: 0,1,0
4204467: 23,33,19
4109550: 5,3,2
4104642: 0,0,1
4087752: 20,40,27
4087199: 5,12,10
4087139: 1,0,0
4087145: 11,14,8
4086775: 63,36,37
4086482: 9,5,4
4085014: 4,8,9
4083494: 1,2,0
4079879: 24,83,37
4078358: 1,3,1
4074172: 1,2,0
4073474: 2,4,1
4049696: 1,0,0
4058427: 3,8,3
4041585: 15,10,5
4036988: 1,2,2
4022782: 3,2,5
4018458: 5,4,2
4080889: 15,40,14
4080503: 7,60,22
4080496: 46,97,45
4080425: 9,33,13
4080344: 25,110,37
4080642: 13,57,22
4079650: 0,0,1
4079091: 3,15,4
4078937: 13,43,22
4078877: 2,7,8
4078861: 1,4,2
4078837: 4,2,1
4078956: 0,1,0
4083440: 8,4,6
4077203: 3,3,1
4077187: 6,16,6
4077202: 3,7,7
4077129: 1,1,2
4077023: 1,2,0
4076998: 3,10,4
4076772: 1,6,3
4076600: 1,6,4
4076471: 1,2,0
4075242: 1,1,0
4076684: 0,4,2
4083426: 2,1,2
3964791: 0,0,2
3964474: 3,10,2
3964436: 2,0,0
3964411: 2,4,3
4208532: 0,1,0
4202119: 3,6,2
4198845: 2,5,1
4199983: 3,3,3
4179984: 2,5,5
4208560: 7,9,8
4208558: 0,2,0
4208580: 1,1,1
4208596: 2,6,3
4208613: 1,6,2
4208697: 4,11,6
4208672: 4,3,5
4205667: 4,7,2
4205517: 18,19,11
4205482: 11,25,11
4181610: 0,5,2
4203536: 11,38,13
4203043: 1,0,1
4202921: 16,12,16
4202816: 17,40,20
4202345: 29,52,39
4202342: 2,1,5
4202309: 6,4,6
4202237: 5,2,5
4202028: 1,3,0
4202347: 0,2,3
4202547: 2,9,1
4202527: 8,16,18
4202508: 9,31,15
4202434: 9,6,4
4203213: 6,9,7
4208834: 4,1,0
4208243: 2,6,4
4207928: 2,9,3
4208837: 2,6,7
4208814: 3,17,1
4208831: 6,15,5
4203974: 4,12,5
4194949: 3,22,6
4192236: 48,156,90
4192001: 15,24,14
4191962: 4,7,3
4192497: 4,10,13
4192054: 6,13,9
4191972: 1,1,1
4200767: 6,48,16
4200232: 10,57,18
4197525: 2,13,2
4197249: 11,31,21
4196938: 1,4,5
4196392: 3,11,6
4195712: 2,12,3
4193043: 28,70,44
4192561: 16,16,18
4192536: 2,12,11
4208873: 2,7,4
4208026: 7,7,5
4206581: 17,23,17
4208887: 0,3,1
4208908: 5,5,3
4208939: 2,4,1
4206809: 0,3,2
4209058: 6,3,1
4209056: 4,4,0
4209062: 0,4,2
4201390: 0,5,1
4200564: 1,14,1
4200231: 2,10,2
4192137: 4,8,10
4188504: 6,39,12
4183551: 14,42,9
4183294: 36,175,73
4183261: 23,132,49
4183086: 35,180,90
4183000: 20,83,19
4182928: 42,238,88
4182882: 5,15,12
4182876: 27,83,27
4182791: 37,172,69
4182757: 31,148,52
4182723: 33,143,45
4182704: 65,240,119
4182690: 21,58,11
4182663: 33,184,63
4182648: 35,112,59
4182626: 25,82,38
4182211: 40,140,50
4181808: 30,138,41
4181356: 9,43,26
4180461: 17,51,16
4180238: 6,34,24
4167495: 6,30,12
4167459: 6,23,11
4176453: 2,4,3
4162489: 33,59,63
4157467: 3,7,8
4098632: 10,26,17
4088418: 16,44,32
4086621: 12,4,5
4086603: 2,4,1
4085957: 21,35,7
4083858: 2,0,1
4085850: 22,33,20
4084918: 2,4,5
4086516: 9,18,12
4086408: 18,4,11
4086480: 6,20,7
4086469: 1,2,3
4086322: 4,1,2
4085853: 6,21,12
4085989: 0,1,0
4084803: 0,2,0
4084276: 2,4,1
4084093: 3,1,0
4084027: 1,4,6
4082858: 2,2,3
4081909: 9,39,6
4080743: 4,10,5
4079077: 2,5,4
4077578: 0,1,0
4209079: 5,10,4
4209078: 1,2,0
3550525: 13,54,26
3812021: 14,4,8
4209095: 3,2,3
4209105: 0,1,0
4209097: 2,5,0
4207989: 6,29,6
4208714: 7,13,4
4208068: 7,38,18
4209117: 1,5,4
4209118: 0,0,2
4209120: 1,2,2
4209119: 0,1,0
3612784: 0,2,1
3612679: 4,0,4
4209263: 0,10,6
4209283: 5,10,3
4209337: 2,4,3
4184841: 0,2,3
4184242: 7,30,13
4184132: 40,123,42
4183869: 36,85,47
4183302: 55,103,64
4183822: 17,87,21
4183154: 6,16,17
4209364: 0,3,1
4203599: 1,3,0
4203467: 4,27,3
4202231: 4,7,0
4202027: 5,12,11
4200423: 4,12,2
4200288: 9,19,6
4198580: 3,6,10
4198534: 7,15,7
4168141: 10,4,9
4168103: 10,21,12
4168361: 4,6,7
4166424: 2,4,2
4166301: 13,22,14
4165960: 0,0,1
4165830: 3,10,5
4158365: 21,30,22
4158352: 14,47,15
4158116: 6,18,13
4157930: 3,8,9
4157800: 9,50,23
4157776: 61,142,70
4157679: 9,25,12
4157633: 14,46,20
4157484: 30,89,32
4157085: 9,26,13
4157020: 51,74,77
4140796: 29,32,38
4155108: 18,16,13
4154968: 4,11,6
4154854: 5,9,6
4154679: 3,6,1
4154527: 2,13,11
4153984: 12,19,9
4153414: 14,28,9
4153187: 16,23,10
4152210: 21,11,11
4151158: 11,7,9
4150442: 13,23,17
4149183: 32,75,36
4145457: 8,13,11
4145454: 3,5,2
4145420: 2,2,2
4145399: 0,3,1
4145263: 4,4,1
4144672: 21,72,33
4144609: 15,34,13
4144255: 4,16,7
4143466: 4,10,8
4140143: 8,18,8
4139402: 16,35,17
4137611: 7,30,11
4137605: 1,10,14
4137582: 2,13,6
4137222: 15,37,37
4137188: 4,8,7
4137103: 1,6,9
4136914: 4,12,8
4136862: 5,11,8
4136358: 3,14,13
4135748: 5,11,6
4133656: 3,7,2
4133650: 4,13,11
4133645: 0,4,2
4133635: 4,2,1
4133344: 16,18,7
4132139: 1,4,3
4132086: 16,27,16
4131676: 12,37,24
4131597: 3,3,6
4131347: 6,11,4
3576919: 39,87,31
4129881: 4,15,5
4129480: 3,12,7
4129347: 0,3,1
4124799: 15,26,18
4124335: 17,35,19
4122918: 10,37,17
4122877: 37,81,42
4123980: 16,55,21
4114674: 4,11,5
4114658: 1,14,5
4102523: 16,66,22
4101471: 5,6,6
4101134: 9,31,9
4088997: 6,12,9
4088118: 25,16,14
4088092: 1,3,1
4087625: 21,25,22
4002985: 3,21,7
4002307: 3,1,1
3988367: 1,6,4
3988251: 1,2,2
3987859: 11,27,16
3987787: 11,19,8
3987225: 24,49,22
3983407: 48,114,62
3982563: 5,10,1
3982516: 14,43,27
3980830: 4,12,16
3979746: 6,20,15
3979113: 9,12,6
3978920: 52,84,68
3978751: 18,38,17
3978649: 12,25,17
3977872: 25,53,34
3977469: 8,38,13
3977243: 6,17,8
3976600: 9,13,10
3974799: 11,36,8
3974662: 17,40,15
3973646: 6,40,12
3973570: 9,18,14
3973488: 9,30,16
3973406: 0,3,4
3958341: 14,31,23
3957622: 10,20,13
3956921: 10,21,14
3955779: 54,111,56
3949813: 1,8,2
3947750: 8,36,18
3933285: 5,16,7
3952250: 12,36,14
3947919: 8,25,26
3949740: 4,8,12
3949856: 4,8,1
3952223: 4,21,10
3950498: 1,13,7
3951789: 18,36,23
3948696: 0,4,1
3947167: 5,8,9
3947113: 3,7,5
3973454: 15,30,14
3972079: 10,24,17
3959730: 9,28,7
3959043: 23,103,34
3958513: 15,37,22
3958480: 13,45,28
3957893: 3,17,8
3955672: 7,8,12
3935541: 38,61,28
3935520: 30,58,26
3935282: 62,65,71
3934069: 78,142,98
3934059: 20,63,42
3933677: 15,43,15
3933673: 10,32,21
3933566: 15,32,19
3933261: 23,43,28
3933114: 57,133,82
3931202: 12,43,24
3931123: 12,19,8
3930299: 34,74,51
3930995: 7,18,9
3930576: 96,183,119
3930842: 9,18,5
3933198: 23,30,28
3933333: 2,9,2
3933563: 3,7,8
3933355: 23,46,30
3933248: 5,22,16
3931657: 38,81,64
3935158: 53,122,62
3934619: 63,126,90
3934564: 65,117,88
3934211: 7,16,4
3934136: 9,19,7
3934754: 49,72,55
3934651: 22,42,24
3934648: 36,83,27
3935362: 45,128,83
3935170: 90,178,143
3932228: 9,15,16
3932098: 11,16,20
3932431: 0,3,0
3931853: 0,1,2
3931885: 1,1,1
3925686: 3,11,2
3925378: 3,7,3
3925224: 0,6,2
3925032: 1,0,0
3924713: 0,3,2
3924178: 0,1,0
3924164: 1,3,3
3924068: 0,6,2
3923408: 3,3,18
3923124: 6,21,9
3910997: 1,5,4
4209395: 5,16,17
4209402: 1,15,5
4165544: 2,3,4
4165416: 24,37,33
4160288: 11,26,12
4160343: 7,9,20
4164893: 25,81,31
4162668: 4,9,10
4162627: 19,31,24
4162621: 14,34,18
4162506: 3,10,3
4160590: 26,70,33
4160365: 4,12,8
4160136: 16,19,15
3712456: 11,15,13
4145906: 0,2,2
4145611: 30,60,32
4144845: 21,81,36
4143412: 1,2,4
4143368: 8,1,3
4143290: 2,1,1
4142765: 3,16,5
4142516: 3,3,0
4142430: 9,41,14
4142392: 5,6,1
4142354: 0,10,4
4142287: 2,4,2
4142026: 8,14,13
4141760: 6,13,17
4141599: 9,12,11
4139264: 13,28,28
4139228: 62,87,66
4139223: 36,50,38
4139214: 34,87,44
4139200: 17,32,23
4138981: 145,193,165
4138527: 16,31,25
4138464: 23,32,15
4138389: 18,15,16
4138266: 25,50,28
4137602: 32,59,28
4137585: 22,109,52
4137566: 24,66,44
4137520: 36,66,41
4137389: 10,17,12
4137336: 5,10,6
4137273: 4,14,8
4137242: 4,9,9
4137229: 10,11,10
4137434: 11,42,24
4111960: 20,63,24
3597687: 14,27,22
4108023: 4,13,7
4107966: 9,18,12
4107865: 4,2,4
4107786: 10,26,15
4107728: 5,14,8
4107482: 2,4,7
4100974: 10,18,9
4107712: 2,6,2
4107647: 1,2,3
4107568: 3,0,5
4106574: 12,9,8
4106460: 6,8,8
4106349: 3,8,5
4104939: 33,59,51
4103477: 13,21,25
4100883: 40,176,59
4099595: 5,21,8
4099563: 11,21,17
4099545: 6,22,16
4098923: 31,48,26
4097296: 42,50,46
4097136: 8,8,7
4096918: 54,105,57
4095575: 22,14,6
4095171: 2,0,4
4095109: 15,17,9
4093932: 4,9,2
4093685: 35,44,23
4093579: 19,11,16
4093303: 30,26,18
4093005: 45,58,40
4088105: 21,39,30
4089277: 24,23,16
4087777: 30,29,22
4087718: 8,13,18
4093703: 3,4,8
4093595: 18,21,9
4093734: 7,7,2
4093749: 5,5,1
4094174: 1,2,4
4093933: 23,30,12
4093802: 11,8,6
4094741: 3,2,1
4088736: 4,2,5
4088393: 16,29,21
4086982: 10,29,20
4086798: 3,4,4
4086630: 0,2,2
4086471: 66,121,95
4086391: 31,55,44
4085851: 29,38,28
4085959: 24,39,25
4085860: 1,2,0
4085990: 7,10,8
4085858: 7,8,8
4085838: 2,0,1
4085995: 3,4,3
4086470: 2,2,0
4086347: 2,11,4
4086708: 3,4,2
4086011: 4,8,9
4086670: 6,20,11
4086590: 5,3,5
4209480: 8,38,18
4209523: 1,0,0
4209615: 1,0,2
4209655: 9,22,14
4179692: 55,150,77
4179679: 65,368,91
4179631: 3,16,5
4179618: 0,3,1
4179580: 2,10,3
4177857: 10,17,10
4177799: 8,19,17
4177708: 14,36,35
4177086: 11,28,16
4177022: 7,7,5
4176159: 37,94,66
4176112: 16,27,14
4176050: 67,136,62
4158732: 4,2,5
4158699: 5,10,9
4158696: 6,7,5
4158683: 8,5,8
4158648: 6,10,4
4158614: 10,22,11
4158601: 103,244,112
4158559: 25,77,46
4158403: 17,9,12
4158394: 7,8,16
4158364: 4,2,2
4158360: 18,6,16
4158308: 5,2,4
4158028: 62,131,60
4157953: 99,67,88
4157958: 12,32,19
4158395: 39,23,23
4158528: 5,2,6
4158500: 4,3,7
4158486: 4,3,1
4158416: 13,8,6
4158417: 7,1,5
4158413: 5,16,8
4158451: 14,14,15
4158427: 5,3,8
4158402: 8,13,6
4158221: 11,24,14
4158174: 18,42,32
4158021: 17,52,23
4158164: 15,20,20
4158044: 0,3,3
4157866: 2,9,6
4157838: 5,16,8
4157761: 52,110,76
4157498: 17,60,34
4157030: 32,59,32
4156964: 236,434,330
4157005: 25,35,16
4156976: 16,41,14
4157063: 7,14,26
4157034: 44,63,46
4156975: 31,61,52
4156918: 2,8,2
4156893: 12,17,9
4156690: 0,1,0
4156666: 12,39,24
4156655: 2,4,2
4156645: 9,10,15
4155312: 25,23,18
4155277: 34,34,18
4154831: 5,6,5
4154434: 19,15,13
4154371: 7,7,8
4154192: 65,87,67
4154067: 16,17,14
4154864: 7,10,10
4153050: 1,14,4
4153001: 12,37,32
4152868: 4,18,7
4150050: 32,62,48
4152813: 4,17,17
4135047: 2,2,7
4119869: 4,12,11
4118680: 14,33,14
4118798: 1,3,6
4118661: 51,118,100
4117565: 6,12,16
4116861: 3,7,7
4116823: 7,19,9
4116804: 1,7,4
4116618: 4,6,7
4114153: 7,15,6
4114150: 1,13,4
4114146: 7,33,9
4114134: 5,16,2
4114105: 6,36,7
4114103: 1,28,2
4114099: 20,72,17
4114032: 3,41,8
4113593: 5,17,11
4113494: 3,18,0
4112864: 84,363,123
4109296: 5,4,6
4109253: 4,10,3
4108359: 5,16,3
4108202: 6,17,6
4107056: 6,35,14
4106860: 14,23,15
4106566: 9,17,8
4106375: 18,35,16
4105760: 15,21,7
4105691: 9,26,10
4104245: 3,8,5
4098455: 5,14,6
4098166: 108,105,69
4012538: 5,11,9
4012513: 0,5,2
4012220: 10,33,13
4001852: 18,32,15
4000688: 2,11,16
3948650: 2,2,5
3945776: 15,6,6
3921503: 9,17,11
3919070: 16,59,34
3914122: 5,12,6
3911820: 10,23,5
3912329: 13,19,7
3908895: 7,18,4
3908881: 18,16,11
3908857: 8,3,8
3908871: 13,7,8
3912246: 22,69,55
3911987: 10,23,8
3920246: 7,20,9
3920879: 4,13,7
3920792: 3,0,1
3920717: 7,14,8
3888161: 4,12,3
3850771: 10,27,27
3887900: 11,44,26
3920823: 7,19,10
3908983: 15,22,10
3945923: 2,2,0
3944883: 38,57,30
3941674: 5,14,9
180326040: 0,1,1
3921332: 16,37,19
3992431: 1,10,5
3990414: 28,80,39
3990246: 10,44,11
3990084: 170,194,138
3988335: 35,117,32
3988267: 23,58,44
3988085: 5,7,5
3986722: 4,15,11
3986674: 11,29,14
3986306: 11,17,21
3986030: 17,22,19
3985237: 82,171,110
180421023: 0,0,1
3980699: 17,61,16
3980417: 9,15,10
3973742: 9,17,26
3973019: 23,85,28
3972866: 20,108,40
3972135: 58,184,71
3972183: 17,87,22
3971958: 102,549,191
3958859: 17,49,44
3958440: 107,281,164
3940194: 11,19,14
3939168: 9,44,24
3938987: 3,2,5
3934214: 2,3,2
3918624: 1,0,0
3917080: 1,6,6
3916736: 2,1,4
3914843: 4,5,3
3914013: 2,6,4
3912491: 0,8,9
180312023: 0,1,0
3911191: 2,6,3
3906293: 5,10,10
3906195: 2,9,2
3905827: 5,6,6
3901103: 3,1,1
3898619: 5,2,4
180304025: 0,1,1
3906024: 13,50,9
3905719: 33,88,40
3905613: 15,17,16
3908463: 8,16,5
3908032: 1,3,0
3907732: 2,7,3
3906952: 7,9,5
3903691: 2,4,0
3901246: 13,19,24
3901223: 12,10,4
3897139: 17,30,22
3888311: 2,7,10
3896395: 23,24,22
3891701: 19,27,26
3887737: 4,11,11
3887555: 3,11,8
4209683: 3,17,3
4209686: 2,18,4
4214750: 4,7,8
4212998: 10,33,12
4192880: 40,70,26
4192735: 2,4,1
4192694: 7,9,6
4190431: 11,19,12
4189695: 5,6,4
4189126: 31,80,37
4188796: 2,3,2
4187998: 10,11,7
4187876: 6,3,3
4187522: 5,10,7
4186563: 2,14,5
4147216: 16,10,10
4145576: 15,27,21
4145560: 6,16,10
4145556: 3,2,6
4145519: 6,5,8
4145504: 17,17,13
4145404: 10,5,10
4144965: 15,41,17
4144911: 1,18,19
4144708: 1,1,1
4144052: 5,33,17
4142607: 10,26,10
4143527: 5,13,11
4143513: 2,9,3
4143467: 0,2,1
4143422: 2,2,1
4143203: 9,22,13
4143125: 10,19,7
4142748: 2,6,6
4141709: 7,21,14
4140251: 29,57,37
4140104: 11,16,13
4139811: 11,39,14
4139728: 32,63,39
4139700: 46,52,42
4139622: 14,35,26
4139619: 8,19,12
4139501: 22,41,29
4139135: 16,39,24
4139019: 51,123,75
4139002: 18,40,37
4138914: 10,30,22
4138842: 7,29,10
4138298: 37,90,45
4137449: 21,29,24
4137442: 14,61,22
4137395: 35,91,50
4137361: 1,1,3
3961118: 5,7,6
3814901: 6,9,3
3811702: 4,13,11
4138198: 38,79,46
4137639: 7,26,8
4135096: 6,10,4
4134806: 27,28,24
4133708: 11,29,8
4133703: 10,19,12
4133687: 6,29,21
4133685: 14,27,17
4133684: 8,24,15
4133654: 5,7,7
4133604: 2,2,1
3984187: 8,12,8
3982307: 4,2,5
3981597: 20,44,18
3980507: 5,10,7
3980449: 7,12,13
3980423: 13,33,17
3980491: 12,24,7
3979885: 17,32,18
3979855: 8,28,14
3979566: 3,5,6
3967822: 3,5,3
3965696: 182,297,227
3965614: 52,117,78
3965498: 39,64,27
3965246: 12,40,28
3965140: 35,38,28
3964997: 12,10,3
3964759: 16,29,13
3964597: 28,52,31
3963765: 9,23,12
3957986: 15,38,14
3957921: 13,14,14
3963123: 30,75,24
3963046: 78,193,80
3963104: 10,24,13
3962716: 9,36,24
3961188: 7,16,13
3961983: 4,18,12
3961318: 3,16,7
3960728: 5,26,16
3959779: 3,11,7
3959769: 2,4,6
3954900: 1,9,6
3954799: 3,7,8
3949484: 12,25,18
3948010: 46,138,81
3947959: 42,146,57
3947005: 9,30,16
3944820: 21,37,27
3940191: 2,1,1
3778928: 1,5,7
4214804: 12,38,13
4214736: 0,14,5
4214173: 190,340,171
4214105: 12,28,14
4214104: 58,153,115
4213955: 122,372,165
4213772: 36,57,50
4213714: 28,73,34
4213558: 44,128,80
4213323: 7,15,9
4213238: 10,23,6
4211318: 19,37,22
4150421: 32,91,42
4149107: 26,49,33
4149009: 9,18,9
4148921: 19,49,19
4148849: 0,1,1
4148823: 0,2,1
4148749: 8,4,4
4148608: 6,3,0
4147955: 2,6,3
4147871: 2,3,2
4147481: 1,0,0
4146854: 0,5,0
4144332: 15,10,10
4141660: 2,7,1
4141130: 0,3,0
4141040: 5,10,4
4140763: 9,44,16
4140758: 1,8,5
4140747: 3,6,3
4140730: 0,4,0
4140662: 5,10,3
4140462: 17,9,17
4140279: 6,11,6
4131874: 5,13,8
4131756: 4,5,3
4131734: 22,53,29
4131722: 11,32,10
4131682: 78,198,80
4131678: 7,17,8
4131721: 8,2,6
4140645: 74,68,57
4140597: 64,106,61
4140624: 18,21,9
4140705: 6,15,7
4140649: 12,12,12
4140723: 8,15,7
4140871: 2,3,3
4140788: 5,1,4
4133624: 5,5,4
4132682: 9,4,1
4132388: 11,8,6
4131723: 8,3,2
4131250: 10,3,0
4127212: 7,10,11
4126415: 9,43,15
4121746: 1,1,0
4121482: 1,2,0
4120066: 1,0,2
4119989: 2,2,0
4119268: 8,3,3
4118776: 5,8,8
4118449: 16,10,8
4118284: 1,1,0
4118002: 1,2,0
4117554: 0,2,0
4116146: 0,1,0
4117315: 0,0,1
4114219: 2,5,5
4114148: 5,8,4
4027666: 7,34,12
4214862: 13,41,17
4214197: 76,128,76
4214119: 62,119,60
4214343: 66,279,119
4214848: 14,29,12
4214850: 10,29,7
4214865: 11,17,5
4214718: 3,9,4
4212587: 22,55,29
4212476: 7,21,9
4212353: 0,18,7
4211820: 9,19,6
4211704: 5,21,13
4211667: 6,19,9
4211649: 14,15,8
4211641: 10,37,9
4211279: 0,2,2
4199997: 1,0,0
4197998: 0,6,1
4197268: 0,3,4
4197221: 3,1,1
4196597: 4,7,5
4196569: 0,3,1
4197325: 1,1,0
4199555: 2,9,4
4198336: 0,1,0
4197520: 7,10,9
4197478: 0,6,2
4131180: 0,1,0
3727872: 1,1,0
4129136: 1,4,0
4129079: 0,3,5
4127285: 11,87,20
4127139: 9,59,15
4121785: 7,18,6
4120949: 1,10,0
4120811: 6,7,4
4120626: 4,16,7
4120184: 24,37,18
4116805: 9,26,10
4116560: 14,32,16
4116367: 18,57,16
4115771: 31,87,30
4110184: 11,24,17
4103350: 11,27,22
4103109: 9,17,4
4102989: 13,29,16
4102870: 24,41,32
4102693: 71,73,58
4102610: 13,9,6
4102526: 11,54,20
4099402: 30,29,34
4099282: 16,8,8
4097847: 2,8,1
4097567: 17,18,7
4097452: 3,10,10
4099267: 15,88,33
4099225: 87,175,95
4099118: 10,30,14
4099106: 41,113,52
4214876: 4,18,3
4214056: 0,8,3
4214014: 4,13,14
3896073: 5,11,6
3895879: 1,6,8
3893663: 29,61,21
3893512: 19,47,36
4214896: 6,10,2
4214714: 8,39,11
4214506: 51,193,96
4212560: 30,111,57
4212217: 14,46,24
4212196: 20,35,28
2675451: 1,2,0
4214592: 12,11,9
4214428: 56,188,87
4213893: 149,421,193
4158702: 43,48,38
4158692: 12,21,14
4158645: 25,33,28
4158644: 12,11,12
4158525: 2,6,4
4158519: 0,0,2
4158508: 2,11,11
4158477: 7,18,12
4158269: 6,23,19
4158356: 0,4,5
4158373: 86,314,157
4158361: 6,14,10
4158222: 4,14,6
4157985: 8,31,12
4157640: 15,41,27
4157106: 44,86,43
4157092: 7,18,6
4133828: 12,12,8
4133711: 10,19,11
4158511: 4,6,4
4158301: 7,12,13
4157929: 4,6,11
4214720: 1,5,4
4214683: 4,11,3
4214921: 17,33,21
4214140: 61,116,62
4214753: 0,2,0
4214285: 7,23,18
4214253: 12,46,22
4213896: 7,17,8
4213705: 6,61,23
4213116: 5,26,10
4179656: 5,18,9
4179632: 0,3,2
4179303: 2,11,7
4178797: 2,0,1
4178539: 3,14,8
4178525: 1,9,1
4174276: 0,3,1
4173843: 1,4,4
4166935: 1,0,0
4165197: 0,2,0
4163733: 0,3,2
4163357: 0,6,5
4135261: 0,2,1
4132207: 1,0,0
4088732: 0,1,0
4143514: 0,1,2
4186072: 1,5,1
4214941: 13,47,20
4214649: 45,96,47
4214115: 6,9,7
4214070: 30,57,28
4210004: 43,102,65
4209964: 16,58,37
4172907: 63,270,108
4172653: 41,180,88
4171846: 19,40,13
4171597: 26,62,23
4165986: 13,11,7
3547732: 13,31,14
4165363: 78,150,88
4137652: 12,33,23
4137632: 3,8,2
4137410: 4,8,2
4137629: 4,25,13
4137023: 0,2,1
4136327: 22,34,20
4134588: 3,2,1
4134165: 17,54,25
4122830: 8,29,15
4121677: 18,54,22
4117111: 9,50,21
4105939: 21,113,45
4093690: 5,2,8
4094342: 23,44,19
4093760: 7,6,0
4084662: 9,13,4
4080430: 1,4,3
4079321: 1,3,2
4078935: 16,15,8
4078930: 1,1,0
4076352: 0,2,1
4060889: 10,17,6
4058411: 0,1,0
4058272: 1,2,0
4057870: 1,3,1
4057465: 7,25,6
4057195: 3,5,3
4056580: 4,9,3
4055659: 4,14,9
4054818: 4,10,12
4054392: 1,12,4
4054245: 1,16,10
4052438: 4,15,5
4050813: 12,22,13
4043671: 3,15,7
4043596: 9,12,13
4042887: 14,111,33
4042824: 0,5,2
4040503: 14,44,23
4040477: 4,5,1
4040020: 3,23,3
4040008: 3,5,0
4039645: 2,5,0
4036360: 1,6,1
4036092: 1,9,3
4033522: 14,42,20
3992539: 5,7,2
3991821: 2,10,2
3987479: 0,1,0
3979468: 3,4,3
3978214: 3,1,1
3976248: 0,1,0
3976007: 0,2,0
3974173: 2,6,3
3953737: 1,3,0
3951838: 3,8,3
3949525: 6,6,0
3948793: 1,5,0
3943431: 0,1,0
3929325: 2,2,2
3922790: 0,6,1
3921378: 3,1,2
3921357: 1,4,4
3921250: 5,18,7
3918122: 1,5,1
3917169: 5,10,5
3906405: 1,7,1
3906284: 1,4,5
3904851: 2,23,11
3901472: 1,3,4
3915208: 5,9,6
3912343: 6,15,4
3912504: 15,25,12
3915171: 0,2,1
3914512: 1,2,1
3914174: 1,2,1
3913637: 1,7,3
3913623: 3,12,1
3914088: 4,4,6
3810546: 4,4,1
3810244: 1,3,4
3800703: 5,10,6
3800681: 0,4,2
3797954: 4,24,12
3800195: 2,4,2
3800060: 2,2,2
3800041: 16,15,10
3799926: 3,8,9
3797956: 3,20,14
3797941: 4,4,1
3797177: 8,36,18
3797264: 8,22,8
3799440: 5,10,3
3799053: 1,7,0
3797952: 5,36,15
3914357: 2,9,1
3912598: 1,2,0
3886557: 0,0,1
3886413: 1,0,1
3883817: 1,1,2
3881800: 3,20,8
3880935: 0,0,1
3881674: 0,4,1
3875694: 0,1,1
3874815: 0,10,4
3873804: 1,1,1
3872488: 0,1,2
3871822: 0,3,0
3871732: 1,2,3
3871637: 3,12,1
3869037: 0,0,2
3871691: 0,1,0
3871547: 1,1,0
3843371: 1,0,0
3871790: 5,1,0
3873508: 2,2,0
3873451: 5,5,7
3873249: 9,8,13
3882248: 8,19,7
4214065: 2,2,3
3995787: 16,40,19
4214702: 5,4,7
4205809: 2,9,5
4214687: 13,57,26
4212744: 7,44,16
4210229: 7,40,21
4210138: 8,35,12
4214697: 6,3,3
4213284: 39,119,55
3881286: 6,12,6
4213365: 7,16,6
4213258: 18,43,20
4212629: 2,6,4
4212372: 21,27,21
4212326: 0,0,2
4212593: 27,33,16
4211594: 1,2,0
4211387: 3,12,5
4211311: 10,35,12
4211235: 50,117,39
4210950: 159,477,201
4210684: 10,57,26
4210390: 1,4,4
4208231: 0,8,1
4207956: 0,0,1
4205825: 0,4,1
4202580: 4,23,12
4199063: 0,2,1
4198853: 8,6,9
4198629: 0,3,2
4196101: 0,7,3
4196025: 10,50,11
4186665: 2,4,0
4186473: 0,1,2
4186055: 13,70,29
4184870: 13,52,22
4185864: 6,18,8
4185748: 5,34,10
4185290: 20,68,37
4184740: 9,50,24
4184319: 4,33,7
4184507: 1,16,6
4184365: 10,55,8
4184300: 22,113,37
4184162: 25,78,28
4182512: 40,135,64
4182510: 52,179,66
4182455: 44,101,46
4182424: 41,138,64
4182209: 25,137,45
4182204: 25,100,42
4181046: 2,12,9
4180674: 8,32,13
4180583: 17,88,36
4180333: 13,78,23
4179319: 1,9,0
4182342: 92,679,151
4182319: 111,362,192
4182138: 12,34,4
4181914: 20,44,32
4181728: 25,111,36
4181678: 24,96,56
4182459: 24,113,61
4182987: 5,39,22
4182958: 30,94,35
4182812: 76,339,183
4182708: 10,48,29
4181850: 24,68,31
4181820: 27,72,22
4182160: 30,140,56
4181944: 19,108,34
4181888: 8,23,8
4181200: 7,20,11
4057293: 11,25,12
4057210: 37,112,65
4055725: 49,74,63
4044177: 7,29,23
4056931: 27,70,45
4056449: 8,15,7
4055760: 5,8,2
4053708: 18,64,32
4055455: 14,28,26
4055386: 19,52,23
4055329: 4,23,14
4053639: 85,221,107
4053534: 31,147,69
4053231: 28,120,38
4052656: 34,105,55
4052080: 32,199,61
4051942: 35,171,77
4050404: 73,167,84
4050385: 54,112,62
4050383: 26,49,43
4050209: 103,164,92
4049817: 48,155,70
4049762: 26,102,46
4049750: 52,290,117
4049518: 100,142,106
4049406: 28,102,45
4049333: 42,135,70
4049256: 48,119,64
4048534: 32,74,56
4048527: 7,29,16
4048436: 78,188,93
4047779: 26,55,34
4046836: 78,156,121
4046448: 43,141,89
4046327: 24,104,65
4046248: 15,50,14
4045844: 18,57,34
4045377: 94,307,119
4045134: 47,154,55
4045013: 24,107,33
4043454: 195,533,241
4043321: 68,204,94
4031714: 12,28,14
4031524: 44,166,69
4031290: 43,172,88
4031288: 32,116,59
4031115: 6,48,27
4031051: 7,20,4
4030416: 18,71,43
4024705: 0,5,2
4024340: 0,7,5
4022293: 54,108,60
4019907: 11,31,23
4019834: 3,6,1
4010841: 4,15,3
4010823: 7,3,3
4007662: 198,312,201
4007390: 346,603,320
4004592: 87,130,79
4002967: 39,90,72
4003485: 24,59,35
4003263: 9,20,12
4003109: 5,8,2
4007660: 13,23,10
4007642: 76,134,90
4003838: 49,85,56
3889571: 44,58,61
3888956: 5,6,4
3888924: 1,1,1
3887850: 2,3,0
3887838: 2,0,2
3887717: 0,1,1
3888866: 6,6,8
3888050: 4,0,2
3886235: 3,2,4
4010926: 1,4,5
4010519: 39,101,73
4010462: 5,13,4
4010434: 1,2,3
4010316: 10,9,9
4010201: 0,10,8
4000541: 10,22,17
4000399: 15,75,25
4000273: 23,113,49
4000183: 48,107,56
3999700: 31,52,68
3999693: 49,132,61
3999658: 15,53,26
3999646: 20,54,41
3999621: 19,91,49
3999617: 30,68,43
3999608: 22,56,43
3999516: 178,335,235
3999445: 100,148,116
3999931: 47,67,83
3999913: 72,171,102
3999773: 83,168,116
