4207126: 3,6,3
4207021: 11,17,11
4206543: 13,29,16
4206493: 10,21,15
4206311: 4,10,9
4206173: 4,5,8
4205770: 1,1,1
4205733: 9,15,11
4205388: 9,14,8
4205207: 13,9,17
4204960: 4,6,6
4204106: 46,43,45
4204096: 23,29,34
4204085: 8,4,8
4196458: 12,16,9
4196424: 2,5,2
4196161: 2,3,2
4195851: 3,2,2
4182841: 17,25,30
4181869: 6,2,5
4182661: 5,4,4
4180366: 0,1,0
4175908: 14,48,18
4174399: 3,7,8
4174100: 2,59,20
4174098: 0,7,1
4174429: 2,6,1
4174768: 14,59,27
4157113: 5,3,5
4156662: 0,0,1
4156623: 2,6,6
4156612: 1,2,1
4156600: 66,139,121
4156693: 35,56,41
4156441: 3,9,3
4156420: 2,2,1
4156135: 3,3,8
4155920: 14,5,40
4155849: 1,2,2
4155847: 10,21,8
4155633: 2,1,1
4129812: 20,14,35
4129599: 6,3,13
4129533: 11,28,25
4129272: 8,2,2
4129259: 0,4,5
4128980: 0,1,2
4127157: 11,3,8
4126386: 8,6,14
4126192: 8,1,8
4125979: 8,4,12
4125936: 14,11,20
4125822: 28,30,27
4125532: 1,0,0
4125490: 0,2,1
4207104: 5,4,2
4206717: 13,48,33
4206669: 31,92,62
4206306: 8,7,3
4205936: 2,2,1
4205225: 4,3,4
4204948: 5,6,4
4204069: 7,8,8
4202376: 9,13,7
4199010: 2,0,1
4198993: 7,20,25
4198895: 5,0,4
4198697: 8,12,9
4198532: 3,4,7
4198489: 2,1,0
4198477: 3,2,1
4198426: 12,19,16
4197468: 2,11,7
4197322: 16,86,44
4131905: 5,3,3
4130995: 4,1,4
4130928: 2,0,1
4131078: 3,5,4
4131467: 2,1,0
4207138: 2,5,6
4206946: 8,9,8
4206856: 7,7,5
4206822: 12,31,19
4206750: 15,26,34
4206652: 11,13,11
4206625: 14,14,16
4206397: 48,60,52
4204812: 12,17,13
4204422: 26,16,24
4204403: 15,19,22
4204358: 28,50,50
4204275: 24,21,25
4204273: 13,12,11
4207163: 1,0,3
4200560: 5,3,3
4180113: 4,6,6
4179919: 6,6,5
4179810: 2,4,1
4179122: 11,6,13
3957548: 6,12,10
3957156: 9,25,15
3956664: 26,79,50
3956532: 13,15,11
3956269: 53,85,69
3955946: 28,52,35
3955828: 20,27,21
3955662: 36,77,55
3955505: 12,34,31
3955084: 11,37,39
3951900: 9,21,18
3951708: 16,13,26
3951239: 6,20,11
3950387: 12,16,20
3948944: 13,31,23
3940470: 9,9,7
3949768: 5,7,13
3949456: 3,4,9
3948133: 2,9,10
3947371: 0,2,7
3947038: 4,3,3
3664564: 5,9,10
3660941: 9,10,10
3656759: 29,101,43
3933013: 18,22,28
3932646: 22,48,55
3932028: 3,16,6
3930342: 98,157,185
3930093: 31,69,77
3929585: 10,29,24
3929513: 8,10,7
3925362: 4,7,6
3915832: 1,7,9
3913963: 27,65,40
3913918: 7,9,12
3912564: 25,33,54
3895329: 10,24,21
3895069: 8,17,8
3895210: 9,53,37
3895157: 7,14,23
3895082: 1,8,11
3894900: 17,32,28
3893899: 57,222,117
3494280: 31,81,86
3494260: 47,92,89
3891784: 7,21,11
3892857: 4,10,14
3892655: 5,6,8
3891688: 6,33,23
3890667: 6,26,9
3894707: 32,50,46
180310020: 0,1,3
3913845: 17,34,14
3913502: 4,10,8
3913099: 20,19,38
3910485: 15,36,23
3913632: 5,13,10
3913603: 8,34,22
3910182: 26,28,33
3883719: 1,2,4
3883327: 10,26,20
3882582: 3,3,9
3883241: 24,52,51
3882567: 11,7,10
3882437: 2,5,11
3882201: 95,65,125
3881931: 2,2,4
3881821: 1,1,3
3881815: 0,1,0
3881561: 2,3,2
3881380: 2,1,0
3881186: 4,1,6
3875993: 0,1,2
3871937: 1,1,1
3871788: 6,6,6
3870331: 21,46,37
3869841: 14,31,29
3848524: 3,6,12
3835405: 4,5,13
3815606: 6,12,22
3831201: 5,17,11
3854870: 2,9,10
3852934: 4,4,3
3852349: 5,9,12
3795799: 0,3,1
3795765: 32,38,44
3795650: 15,12,16
3795032: 2,7,7
3775375: 19,43,29
3774817: 5,1,3
3774559: 3,6,9
3753534: 26,33,52
3752972: 17,17,32
3774647: 7,8,10
3774624: 13,16,33
3774789: 2,6,4
3774932: 40,53,67
3795748: 4,5,7
3878549: 0,3,4
3876453: 3,2,7
3877374: 6,17,21
3882240: 15,17,18
3882406: 3,2,7
3882402: 3,0,8
3882309: 2,7,10
3890588: 21,38,73
3913009: 12,14,17
3912814: 12,26,24
3912117: 32,52,54
3911446: 6,11,12
3910439: 18,23,17
3910401: 12,17,19
3895459: 10,10,14
3886458: 26,17,22
3885930: 14,21,24
3885784: 30,21,23
3885113: 34,50,58
3874082: 44,151,83
3873269: 22,51,36
3873423: 50,76,83
3873173: 23,21,30
3883847: 15,14,15
3883336: 3,8,8
3911821: 6,9,5
3911730: 10,45,29
3908863: 25,19,34
3908835: 2,1,5
3908663: 2,1,2
3900934: 5,2,3
3900739: 12,54,38
3888726: 7,5,17
3888404: 3,2,2
3887959: 2,2,1
3886542: 15,5,11
3886322: 14,11,9
3886168: 5,10,9
3886102: 3,6,3
3886034: 3,2,4
3885921: 0,1,2
3885881: 2,2,8
3885946: 16,2,9
3887843: 4,8,6
3887487: 3,7,2
3886081: 5,0,3
3852795: 0,3,2
3887558: 4,1,1
3886434: 7,2,6
3873100: 34,37,69
3873027: 10,6,13
3895110: 0,0,2
3892141: 0,3,6
3894954: 0,1,2
3894720: 2,4,1
3894503: 3,9,7
3893080: 1,13,12
3893056: 3,14,7
3893026: 7,31,28
3892995: 16,31,13
3874651: 9,6,11
3891775: 10,6,13
3892628: 5,12,11
3892452: 6,21,19
3747905: 5,12,9
3746890: 2,7,4
3746975: 1,6,3
3746922: 1,4,4
3747133: 1,7,5
3371652: 0,0,1
3747887: 2,13,10
3770505: 4,16,20
3770134: 41,67,72
3769938: 1,7,5
3769580: 5,22,14
3764791: 4,15,16
3764767: 5,5,3
3764726: 1,0,1
3764353: 1,0,1
3764199: 5,2,3
3764112: 1,2,1
3764168: 8,9,6
3763928: 7,7,10
3745445: 0,2,4
3744616: 1,1,3
3744298: 3,12,12
3763888: 3,7,7
3763844: 2,5,2
3763672: 5,10,11
3763116: 1,7,2
3763559: 3,1,4
3763307: 5,1,5
3763115: 1,3,5
3762849: 2,4,1
3762640: 7,12,6
3762639: 1,0,2
3761921: 0,6,3
3762019: 0,3,4
3758647: 1,4,7
3733698: 2,0,5
3733672: 36,37,32
3733660: 15,27,25
3732962: 2,4,6
3732784: 4,5,3
3732647: 1,0,0
3732565: 6,7,7
3731243: 16,11,16
3732279: 10,24,16
3730969: 8,9,13
3753186: 4,3,10
3762950: 7,9,10
3762865: 0,10,1
3762886: 3,2,4
3763103: 0,1,9
3764182: 2,1,2
3764402: 0,2,0
3764648: 10,9,14
3764422: 1,0,1
3768271: 0,4,2
3765656: 4,9,7
3765023: 3,4,5
3764954: 1,4,4
3764623: 0,2,0
3765127: 8,29,9
3770258: 3,5,5
3770293: 6,15,10
3770251: 0,2,0
3770290: 4,17,15
3799504: 24,53,47
3799485: 6,13,18
3799103: 18,11,12
3797405: 7,7,10
3796678: 5,6,2
3782584: 7,18,10
3777771: 3,8,5
3778847: 2,5,7
3798281: 11,11,22
3795183: 4,9,5
3790974: 0,0,1
3790549: 1,0,1
3795806: 7,13,7
3795394: 16,17,15
3770192: 19,19,12
3795060: 11,14,10
3783768: 16,9,9
3782729: 28,6,15
3781575: 13,9,6
3778760: 19,8,10
3778686: 20,4,3
3777940: 27,4,11
3777711: 14,6,7
3773629: 21,6,2
3772456: 16,9,6
3772765: 13,11,9
3772720: 1,5,3
3771747: 0,2,0
3772666: 0,1,3
3778060: 13,7,13
3769867: 15,1,9
3768164: 7,5,6
3768138: 9,8,3
3767846: 17,16,11
3767757: 8,13,11
3767752: 18,17,26
3767728: 5,5,3
3766587: 21,14,14
3766180: 15,5,6
3766141: 6,6,2
3753130: 21,40,44
3766186: 28,27,24
3493682: 37,43,49
3766236: 15,4,12
3767669: 1,1,3
3767876: 2,2,1
3767942: 9,6,7
3795568: 8,14,4
3893051: 5,8,16
3892925: 5,7,4
3889002: 0,3,4
3888690: 7,8,9
3882894: 8,9,13
3882750: 9,4,13
3882709: 10,14,27
3882639: 1,1,4
3882675: 2,2,5
3882646: 5,2,7
3882553: 3,3,2
3882354: 6,9,14
3881613: 2,5,3
3873166: 4,5,4
3877930: 9,17,19
3877422: 0,4,2
3873802: 8,7,8
3872155: 2,8,10
3872125: 3,6,12
3872044: 3,9,1
3871971: 5,8,6
3870080: 3,4,5
3869986: 0,1,3
3869888: 4,3,8
3869972: 1,6,10
3869903: 5,2,5
3872006: 5,12,5
3882828: 18,27,22
3894417: 9,9,6
3891104: 2,9,3
3890573: 4,4,10
3890882: 5,4,9
3890689: 10,6,14
3890384: 1,6,10
3908121: 6,7,6
3907769: 0,1,0
3901015: 4,5,6
3900938: 1,4,9
3900943: 5,5,14
3908781: 0,2,1
3908846: 5,9,12
3911349: 5,14,12
3910853: 17,44,34
3910709: 0,7,1
3910673: 0,2,0
3910666: 12,18,30
3910657: 8,9,14
3910656: 9,30,18
3910646: 10,4,10
3910633: 11,7,10
3910629: 10,10,15
3910624: 30,27,22
3910622: 2,4,3
3910620: 3,5,5
3910617: 4,16,12
3910653: 0,3,6
3910093: 2,6,17
3910654: 4,3,4
3910651: 3,1,5
3911112: 12,10,7
3910686: 6,14,13
3911890: 24,41,47
3904424: 28,28,32
3913453: 14,21,26
3912464: 12,31,33
3912560: 37,68,102
3912179: 3,19,12
3912111: 6,22,12
3912072: 4,11,8
3911967: 1,7,4
3911918: 5,7,15
3911871: 6,23,18
3911465: 28,57,72
3911437: 12,10,20
3912042: 1,2,2
3912010: 4,32,17
3836393: 49,88,87
3836331: 38,82,106
3836142: 57,153,121
3836052: 174,394,315
3835984: 71,131,131
3835970: 24,64,69
3835951: 18,28,40
3883609: 36,86,68
3880049: 7,11,13
3877511: 30,58,56
3925692: 51,100,105
3924529: 31,50,46
3924387: 29,81,78
3923716: 3,16,7
3921086: 7,7,6
3830639: 45,126,86
3830344: 23,67,94
3830316: 15,24,24
3930209: 20,58,63
3896104: 11,6,16
3892725: 14,14,20
3892356: 17,89,50
3891154: 6,15,24
3905616: 11,27,15
3899265: 11,7,15
3897793: 6,22,20
3897505: 4,5,4
3897424: 1,3,4
3897255: 7,15,11
3736358: 14,21,25
3736252: 3,2,5
3736229: 0,2,0
3736089: 0,1,1
3735837: 2,1,6
3735784: 1,1,4
3735701: 0,0,3
3735571: 1,0,3
3735563: 11,17,16
3735552: 1,0,1
3735436: 2,2,3
3734939: 8,7,4
3734833: 1,1,0
3734936: 2,8,16
3734840: 2,2,0
3734854: 0,0,3
3734751: 5,10,7
3734515: 0,0,1
3734444: 1,0,0
3734688: 3,1,2
3734459: 2,5,4
3734388: 1,4,3
3734247: 17,5,9
3734336: 3,0,2
3734025: 1,5,4
3734016: 0,1,1
3733987: 3,1,5
3733982: 0,2,1
3733865: 5,3,6
3733845: 1,15,13
3735817: 1,0,1
3735789: 0,0,1
3735521: 9,19,10
3735351: 4,5,4
3734689: 15,8,14
3734034: 11,4,10
3734112: 14,6,7
3733986: 2,5,4
3735998: 2,0,1
3735980: 1,0,5
3735876: 3,1,2
3735597: 10,21,12
3735708: 0,0,1
3735657: 2,2,4
3734178: 2,2,2
3734096: 1,0,1
3733991: 1,4,8
4206384: 0,5,2
4205897: 7,7,3
4205684: 12,9,16
4205432: 5,5,6
4195947: 65,132,105
4195503: 7,22,9
4195441: 21,51,29
4194898: 58,89,79
4194630: 53,82,72
4194409: 3,0,2
4194222: 39,20,23
4194087: 5,8,3
4194082: 21,13,18
4087132: 19,68,59
4081633: 8,27,22
4053285: 11,23,18
4206374: 15,21,19
4206364: 21,50,33
4205949: 9,30,26
4197900: 13,35,15
4197456: 6,4,2
4197203: 4,3,2
4196729: 35,63,56
4196515: 6,3,5
4196425: 6,15,15
4026641: 5,11,22
4026613: 0,3,2
4025580: 3,2,2
4025146: 5,7,10
3918721: 9,13,14
3917844: 35,50,63
3917479: 27,52,36
3916726: 5,6,1
3916600: 13,31,19
3914458: 24,41,22
3876693: 11,12,17
3875008: 16,13,24
3916544: 16,15,15
3916424: 25,40,37
3916212: 15,59,32
3916456: 12,28,22
3916750: 35,85,53
3916731: 16,47,23
3912416: 7,7,8
3887908: 3,10,11
3900075: 5,22,11
3887339: 9,24,9
3880083: 7,7,7
3887216: 8,27,31
3886470: 0,5,2
3882099: 1,3,3
3896760: 8,8,13
3800517: 3,1,0
3900649: 1,2,1
3900974: 2,1,4
3912375: 0,8,4
3911876: 2,3,3
3905042: 3,1,3
3903801: 1,2,1
3893245: 0,1,1
3892006: 6,9,4
3887905: 15,20,16
3891423: 1,1,0
4207228: 2,2,6
4207226: 5,4,5
4207204: 1,4,2
4205990: 6,3,5
4205300: 0,1,0
4202142: 4,6,6
4202117: 1,3,2
4202081: 4,9,11
4201392: 3,14,9
4201089: 3,4,1
4200145: 1,0,2
4199528: 3,8,2
4197605: 10,17,19
4196657: 12,10,8
4196620: 9,22,16
4196328: 16,15,16
4195685: 8,14,9
4195413: 35,79,81
3929464: 0,1,0
3927751: 2,5,4
3924301: 0,3,4
3923868: 19,50,21
3925118: 1,7,3
3925363: 5,15,7
3925681: 1,4,1
3927825: 2,19,15
3927803: 2,11,5
4207263: 3,2,5
4207028: 1,12,7
4206720: 1,5,2
4204425: 2,10,8
4204152: 2,3,0
4203928: 47,123,69
4203788: 7,46,18
4202702: 43,241,74
4202758: 15,89,33
4203920: 9,18,18
4203275: 3,2,4
4203044: 13,20,13
4202482: 10,10,10
4202452: 5,3,7
4202436: 2,3,8
4202408: 5,3,8
4202403: 1,2,2
4202383: 0,2,0
4202373: 6,5,7
4202348: 17,13,20
4202339: 35,24,53
4202064: 1,1,1
4202020: 0,1,2
4201998: 0,3,3
4201798: 0,3,6
4201779: 4,3,6
4201662: 9,14,8
4201620: 23,35,46
4200620: 12,19,17
4199506: 5,10,7
4199287: 1,2,1
4198969: 4,6,4
4198546: 3,6,1
4197780: 1,0,4
4197173: 2,0,0
4197032: 3,6,13
4196770: 0,0,3
4196720: 1,0,0
4196572: 1,0,2
4207081: 11,33,29
4206437: 37,52,59
4205341: 26,55,43
4203516: 75,125,114
4203432: 3,13,8
4203418: 10,29,7
4203368: 2,4,4
4203301: 8,16,14
4203239: 14,35,30
4203131: 6,9,7
4203098: 9,26,22
4203054: 7,22,23
4202962: 5,12,10
4206145: 16,37,39
4204300: 19,48,39
4206945: 28,13,24
4206958: 4,11,5
4172652: 7,25,8
4172648: 1,0,3
4170900: 5,45,22
4170812: 6,1,9
4170786: 2,2,5
4168624: 5,15,15
4165464: 2,1,4
4165093: 6,9,9
4164489: 0,1,2
4163546: 1,4,2
4163459: 3,3,2
4161997: 26,70,50
4161936: 210,599,433
4161575: 19,18,22
4160047: 3,0,1
3985063: 1,0,2
3984639: 0,0,1
3983799: 1,0,3
3983710: 0,1,2
3978624: 7,0,2
3878305: 1,0,1
3907520: 2,2,2
3897094: 3,1,1
3896765: 8,8,3
3863147: 1,1,6
3886916: 0,2,0
3865804: 9,13,16
4204634: 2,5,3
4201657: 6,20,8
4201641: 23,7,4
4201351: 4,3,7
4200854: 0,2,4
4200804: 14,35,17
4200562: 4,1,3
4199513: 52,33,54
4199636: 11,37,27
4199399: 4,4,9
4193680: 6,14,6
4193290: 11,23,28
4193074: 12,24,34
4191904: 19,37,38
4191900: 2,9,4
4191866: 8,23,16
4191823: 3,8,9
4191808: 11,23,21
4191717: 57,133,158
4191550: 4,8,10
4191520: 1,5,4
4190946: 0,2,2
4187814: 1,0,1
4135012: 1,3,5
4190858: 1,3,6
4128967: 1,0,0
4045779: 12,12,14
3986239: 3,6,6
3986075: 37,79,47
3985942: 7,13,10
3985755: 27,24,26
3985666: 61,81,109
3984983: 14,36,34
3984711: 19,30,72
3984290: 10,10,21
3983837: 23,31,40
3983828: 10,21,35
3983801: 4,12,17
3983747: 9,16,26
3983711: 20,30,56
3983650: 11,17,23
3983392: 15,25,34
3983334: 12,32,38
3983205: 12,47,25
3958898: 22,15,25
3958869: 89,209,143
3951137: 3,1,4
3950850: 0,5,3
3949446: 1,3,2
3929317: 6,15,19
3806664: 0,1,1
3790427: 1,2,1
3790972: 0,0,1
4098459: 3,16,11
4078800: 11,40,25
4078640: 4,9,8
4082007: 20,48,32
4081791: 31,145,65
4081722: 49,148,104
4081705: 57,151,107
4081654: 1,5,0
4207336: 1,8,4
4204110: 1,3,3
4207345: 0,2,1
4205872: 6,7,7
4205170: 16,39,28
4204971: 27,67,51
4204963: 7,10,9
4205104: 3,32,21
4205386: 27,42,45
4205299: 9,31,32
4205184: 17,38,31
3980539: 1,1,0
3946075: 0,4,0
3934239: 1,1,1
3914542: 6,11,4
3913715: 1,5,2
3883305: 0,4,1
3903858: 1,4,0
4207377: 3,4,3
4207431: 3,7,5
4206067: 23,69,41
4205890: 0,1,1
4205456: 7,18,10
4205440: 2,2,2
4205847: 0,2,1
4204277: 3,8,3
4204228: 0,2,1
4204140: 0,2,3
4205249: 1,1,0
4207467: 1,1,1
4207504: 0,1,1
4207536: 3,6,1
4065883: 6,14,13
4065377: 14,33,24
4065351: 2,11,5
4207591: 1,9,5
4207622: 2,6,5
4207613: 11,35,26
4208393: 40,64,90
4206261: 15,49,32
4205365: 19,83,43
4207997: 1,7,7
4199082: 2,8,8
4198337: 22,28,32
4196849: 3,7,4
4208321: 14,9,8
4208230: 36,57,48
4208410: 1,12,9
4208332: 3,12,16
4208293: 3,5,6
4208278: 6,13,9
4208232: 6,16,9
4167484: 8,7,4
4164858: 29,65,50
4161878: 4,16,9
4161738: 0,2,0
4157738: 1,0,3
4157715: 0,3,11
4153345: 7,5,5
4153292: 61,136,114
4207699: 15,11,21
4207982: 6,4,6
4207740: 42,136,65
4207704: 18,114,44
4202585: 2,4,1
4107545: 0,2,3
4106523: 0,1,1
4106473: 1,1,0
4160396: 0,1,4
4148692: 0,3,0
4145109: 35,85,68
4135011: 11,16,19
3908672: 120,317,208
3906562: 128,327,161
3906370: 23,60,63
3906347: 14,43,33
3906301: 16,61,61
3906014: 43,101,74
4208501: 6,9,1
4208295: 3,4,7
4199664: 8,10,12
4199280: 27,20,15
4199088: 9,9,17
4198999: 5,6,8
4196913: 19,44,47
4196149: 20,64,38
4194921: 3,2,3
4194717: 21,59,33
4192669: 55,157,109
4192314: 2,5,8
4167093: 32,37,26
4167029: 81,105,100
4166385: 12,6,19
4165144: 2,0,0
4162836: 10,5,14
4162742: 3,1,1
4162631: 1,2,3
4162685: 21,16,15
4162504: 76,95,134
4162332: 20,20,28
4162271: 107,194,191
4162018: 41,56,56
4161020: 25,50,54
4160922: 28,75,41
4156962: 104,146,224
4156935: 58,82,78
4156905: 2,9,12
4156598: 23,37,36
4156588: 2,3,1
4155202: 4,9,8
4155201: 2,5,2
4153699: 4,10,8
4153107: 6,13,7
4153104: 5,3,6
4150009: 27,36,47
4149175: 14,51,31
4149761: 8,24,21
4149495: 18,47,29
4149460: 42,92,65
4148607: 7,13,18
4147828: 16,36,21
4147373: 4,15,12
4147304: 1,1,3
4147113: 1,7,8
4208240: 2,16,7
4208211: 2,6,2
4208134: 2,11,4
4206062: 3,4,5
4206045: 2,2,4
4206018: 4,1,4
4205975: 2,0,2
4200679: 10,18,16
4200028: 24,17,21
4199896: 1,1,5
4199772: 1,1,0
4199714: 6,4,1
4199955: 1,5,3
4198515: 10,1,19
4198200: 6,2,2
4198173: 1,0,1
4197927: 6,7,2
4197233: 0,1,0
4204467: 18,21,36
4109550: 6,2,2
4104642: 0,0,1
4087752: 20,30,37
4087199: 10,6,11
4087139: 1,0,0
4087145: 11,9,13
4086775: 69,21,46
4086482: 10,4,4
4085014: 7,7,7
4083494: 1,0,2
4079879: 35,71,38
4078358: 1,3,1
4074172: 1,1,1
4073474: 2,3,2
4049696: 1,0,0
4058427: 4,6,4
4041585: 19,8,3
4036988: 3,1,1
4022782: 4,0,6
4018458: 5,4,2
4080889: 12,26,31
4080503: 11,42,36
4080496: 42,81,65
4080425: 10,31,14
4080344: 35,87,50
4080642: 12,53,27
4079650: 0,0,1
4079091: 4,10,8
4078937: 7,39,32
4078877: 1,7,9
4078861: 3,2,2
4078837: 5,0,2
4078956: 0,1,0
4083440: 8,4,6
4077203: 2,2,3
4077187: 2,16,10
4077202: 3,4,10
4077129: 2,2,0
4077023: 1,0,2
4076998: 5,8,4
4076772: 2,4,4
4076600: 1,5,5
4076471: 1,1,1
4075242: 1,1,0
4076684: 0,3,3
4083426: 2,0,3
3964791: 1,0,1
3964474: 5,9,1
3964436: 2,0,0
3964411: 1,4,4
4208532: 0,0,1
4202119: 2,7,2
4198845: 1,5,2
4199983: 2,3,4
4179984: 3,5,4
4208560: 5,8,11
4208558: 0,1,1
4208580: 1,1,1
4208596: 2,6,3
4208613: 1,6,2
4208697: 4,9,8
4208672: 2,4,6
4205667: 2,6,5
4205517: 19,15,14
4205482: 10,21,16
4181610: 0,5,2
4203536: 10,30,22
4203043: 0,2,0
4202921: 13,14,17
4202816: 24,24,29
4202345: 29,46,45
4202342: 2,1,5
4202309: 6,2,8
4202237: 5,1,6
4202028: 1,3,0
4202347: 0,2,3
4202547: 2,6,4
4202527: 7,12,23
4202508: 9,24,22
4202434: 9,5,5
4203213: 6,6,10
4208834: 4,1,0
4208243: 3,4,5
4207928: 2,8,4
4208837: 3,4,8
4208814: 3,13,5
4208831: 4,13,9
4203974: 3,9,9
4194949: 2,20,9
4192236: 50,120,124
4192001: 12,19,22
4191962: 5,5,4
4192497: 0,11,16
4192054: 5,11,12
4191972: 1,1,1
4200767: 10,36,24
4200232: 7,52,26
4197525: 2,11,4
4197249: 8,31,24
4196938: 0,3,7
4196392: 4,8,8
4195712: 3,11,3
4193043: 26,55,61
4192561: 15,16,19
4192536: 1,12,12
4208873: 3,8,2
4208026: 6,8,5
4206581: 12,18,27
4208887: 0,2,2
4208908: 4,5,4
4208939: 2,1,4
4206809: 1,3,1
4209058: 5,3,2
4209056: 4,2,2
4209062: 1,1,4
4201390: 0,5,1
4200564: 2,10,4
4200231: 2,9,3
4192137: 5,6,11
4188504: 3,36,18
4183551: 12,36,17
4183294: 47,141,96
4183261: 23,112,69
4183086: 37,137,131
4183000: 24,62,36
4182928: 50,196,122
4182882: 10,13,9
4182876: 36,59,42
4182791: 44,126,108
4182757: 39,123,69
4182723: 43,115,63
4182704: 77,184,163
4182690: 18,41,31
4182663: 44,154,82
4182648: 37,97,72
4182626: 23,64,58
4182211: 30,119,81
4181808: 31,120,58
4181356: 9,33,36
4180461: 12,43,29
4180238: 5,21,38
4167495: 6,26,16
4167459: 7,19,14
4176453: 2,4,3
4162489: 33,42,80
4157467: 3,6,9
4098632: 9,19,25
4088418: 16,41,35
4086621: 11,4,6
4086603: 1,4,2
4085957: 24,24,15
4083858: 2,0,1
4085850: 24,21,30
4084918: 3,1,7
4086516: 8,14,17
4086408: 16,2,15
4086480: 6,14,13
4086469: 1,1,4
4086322: 5,1,1
4085853: 6,20,13
4085989: 0,1,0
4084803: 0,0,2
4084276: 1,3,3
4084093: 2,1,1
4084027: 2,3,6
4082858: 2,2,3
4081909: 9,34,11
4080743: 2,10,7
4079077: 1,6,4
4077578: 0,0,1
4209079: 6,10,3
4209078: 0,3,0
3550525: 17,43,33
3812021: 16,3,7
4209095: 3,2,3
4209105: 0,1,0
4209097: 1,3,3
4207989: 7,24,10
4208714: 7,11,6
4208068: 9,37,17
4209117: 1,3,6
4209118: 0,0,2
4209120: 2,2,1
4209119: 0,1,0
3612784: 0,2,1
3612679: 5,0,3
4209263: 4,7,5
4209283: 3,10,5
4209337: 1,3,5
4184841: 1,2,2
4184242: 9,25,16
4184132: 33,116,56
4183869: 43,58,67
4183302: 52,76,94
4183822: 24,65,36
4183154: 4,14,21
4209364: 1,3,0
4203599: 0,2,2
4203467: 4,27,3
4202231: 4,6,1
4202027: 6,11,11
4200423: 5,8,5
4200288: 8,15,11
4198580: 4,4,11
4198534: 9,12,8
4168141: 8,5,10
4168103: 11,18,14
4168361: 4,7,6
4166424: 2,5,1
4166301: 11,16,22
4165960: 0,1,0
4165830: 2,10,6
4158365: 17,26,30
4158352: 12,39,25
4158116: 7,16,14
4157930: 5,7,8
4157800: 14,36,32
4157776: 56,99,118
4157679: 9,19,18
4157633: 14,37,29
4157484: 29,68,54
4157085: 5,20,23
4157020: 49,44,109
4140796: 25,29,45
4155108: 15,14,18
4154968: 4,11,6
4154854: 3,8,9
4154679: 4,5,1
4154527: 3,5,18
4153984: 9,17,14
4153414: 13,23,15
4153187: 15,17,17
4152210: 12,11,20
4151158: 6,8,13
4150442: 15,16,22
4149183: 25,53,65
4145457: 6,11,15
4145454: 1,5,4
4145420: 0,1,5
4145399: 0,1,3
4145263: 3,4,2
4144672: 21,66,39
4144609: 13,25,24
4144255: 3,10,14
4143466: 6,4,12
4140143: 9,14,11
4139402: 18,26,24
4137611: 8,23,17
4137605: 3,4,18
4137582: 4,11,6
4137222: 10,26,53
4137188: 2,9,8
4137103: 2,5,9
4136914: 5,10,9
4136862: 3,5,16
4136358: 2,13,15
4135748: 3,11,8
4133656: 3,3,6
4133650: 7,10,11
4133645: 0,2,4
4133635: 2,3,2
4133344: 12,16,13
4132139: 0,4,4
4132086: 19,22,18
4131676: 13,34,26
4131597: 2,1,9
4131347: 6,8,7
3576919: 33,63,61
4129881: 3,9,12
4129480: 4,9,9
4129347: 0,3,1
4124799: 15,21,23
4124335: 12,37,22
4122918: 10,23,31
4122877: 36,56,68
4123980: 14,50,28
4114674: 1,11,8
4114658: 0,8,12
4102523: 20,46,38
4101471: 3,3,11
4101134: 11,24,14
4088997: 4,8,15
4088118: 25,13,17
4088092: 0,2,3
4087625: 25,17,26
4002985: 6,16,9
4002307: 2,1,2
3988367: 2,5,4
3988251: 0,1,4
3987859: 14,22,18
3987787: 9,14,15
3987225: 22,38,35
3983407: 53,90,81
3982563: 3,5,8
3982516: 19,36,29
3980830: 5,11,16
3979746: 7,19,15
3979113: 9,12,6
3978920: 56,66,82
3978751: 16,31,26
3978649: 13,26,15
3977872: 24,41,47
3977469: 9,37,13
3977243: 5,19,7
3976600: 8,11,13
3974799: 8,33,14
3974662: 16,28,28
3973646: 12,31,15
3973570: 7,11,23
3973488: 10,24,21
3973406: 1,3,3
3958341: 20,27,21
3957622: 9,17,17
3956921: 9,20,16
3955779: 49,76,96
3949813: 2,5,4
3947750: 7,36,19
3933285: 8,11,9
3952250: 15,29,18
3947919: 13,22,24
3949740: 6,3,15
3949856: 1,8,4
3952223: 6,16,13
3950498: 6,9,6
3951789: 14,27,36
3948696: 0,3,2
3947167: 4,6,12
3947113: 5,4,6
3973454: 13,22,24
3972079: 13,18,20
3959730: 10,24,10
3959043: 20,95,45
3958513: 13,37,24
3958480: 11,36,39
3957893: 4,19,5
3955672: 8,3,16
3935541: 25,54,48
3935520: 28,41,45
3935282: 63,55,80
3934069: 85,99,134
3934059: 19,49,57
3933677: 15,37,21
3933673: 11,24,28
3933566: 16,30,20
3933261: 24,32,38
3933114: 65,91,116
3931202: 12,28,39
3931123: 8,16,15
3930299: 39,55,65
3930995: 6,15,13
3930576: 96,148,154
3930842: 10,16,6
3933198: 19,24,38
3933333: 3,6,4
3933563: 4,7,7
3933355: 17,40,42
3933248: 5,18,20
3931657: 47,67,69
3935158: 50,93,94
3934619: 63,86,130
3934564: 42,76,152
3934211: 8,11,8
3934136: 7,17,11
3934754: 46,56,74
3934651: 20,37,31
3934648: 38,54,54
3935362: 48,94,114
3935170: 96,123,192
3932228: 10,10,20
3932098: 10,16,21
3932431: 0,2,1
3931853: 0,0,3
3931885: 1,1,1
3925686: 3,6,7
3925378: 3,8,2
3925224: 0,5,3
3925032: 1,0,0
3924713: 2,1,2
3924178: 0,1,0
3924164: 1,3,3
3924068: 0,5,3
3923408: 4,6,14
3923124: 8,14,14
3910997: 4,4,2
4209395: 6,10,22
4209402: 2,13,6
4165544: 3,1,5
4165416: 17,35,42
4160288: 9,22,18
4160343: 6,9,21
4164893: 34,62,41
4162668: 5,6,12
4162627: 19,25,30
4162621: 15,23,28
4162506: 4,6,6
4160590: 25,49,55
4160365: 4,5,15
4160136: 8,14,28
3712456: 13,7,19
4145906: 0,1,3
4145611: 31,49,42
4144845: 17,62,59
4143412: 4,1,2
4143368: 8,0,4
4143290: 2,1,1
4142765: 5,10,9
4142516: 1,3,2
4142430: 7,38,19
4142392: 4,4,4
4142354: 1,7,6
4142287: 1,4,3
4142026: 7,15,13
4141760: 9,8,19
4141599: 9,7,16
4139264: 10,28,31
4139228: 62,66,87
4139223: 31,50,43
4139214: 29,72,64
4139200: 18,28,26
4138981: 115,164,224
4138527: 11,27,34
4138464: 23,24,23
4138389: 18,13,18
4138266: 28,39,36
4137602: 33,49,37
4137585: 18,99,66
4137566: 26,54,54
4137520: 27,48,68
4137389: 8,9,22
4137336: 6,6,9
4137273: 6,11,9
4137242: 5,5,12
4137229: 9,10,12
4137434: 13,30,34
4111960: 26,47,34
3597687: 13,23,27
4108023: 7,10,7
4107966: 10,12,17
4107865: 5,0,5
4107786: 10,17,24
4107728: 5,10,12
4107482: 1,1,11
4100974: 12,16,9
4107712: 1,2,7
4107647: 1,3,2
4107568: 3,1,4
4106574: 12,7,10
4106460: 8,4,10
4106349: 3,7,6
4104939: 31,35,77
4103477: 14,7,38
4100883: 36,148,91
4099595: 7,19,8
4099563: 9,19,21
4099545: 8,18,18
4098923: 31,43,31
4097296: 29,49,60
4097136: 6,11,6
4096918: 45,93,78
4095575: 22,8,12
4095171: 2,2,2
4095109: 14,15,12
4093932: 2,8,5
4093685: 30,37,35
4093579: 13,13,20
4093303: 21,28,25
4093005: 44,62,37
4088105: 18,29,43
4089277: 21,19,23
4087777: 23,23,35
4087718: 12,7,20
4093703: 5,5,5
4093595: 18,20,10
4093734: 6,6,4
4093749: 5,4,2
4094174: 1,4,2
4093933: 19,29,17
4093802: 11,6,8
4094741: 3,1,2
4088736: 4,1,6
4088393: 22,27,17
4086982: 12,17,30
4086798: 3,4,4
4086630: 1,1,2
4086471: 74,97,111
4086391: 32,42,56
4085851: 31,29,35
4085959: 20,28,40
4085860: 0,1,2
4085990: 7,10,8
4085858: 5,7,11
4085838: 2,0,1
4085995: 4,4,2
4086470: 2,2,0
4086347: 4,6,7
4086708: 3,4,2
4086011: 3,10,8
4086670: 10,15,12
4086590: 6,2,5
4209480: 6,37,21
4209523: 1,0,0
4209615: 1,0,2
4209655: 7,21,17
4179692: 44,123,115
4179679: 64,341,119
4179631: 0,15,9
4179618: 1,3,0
4179580: 3,7,5
4177857: 13,16,8
4177799: 9,17,18
4177708: 11,25,49
4177086: 10,22,23
4177022: 9,5,5
4176159: 47,78,72
4176112: 15,15,27
4176050: 62,88,115
4158732: 2,1,8
4158699: 10,6,8
4158696: 7,5,6
4158683: 8,5,8
4158648: 6,9,5
4158614: 9,19,15
4158601: 119,188,152
4158559: 29,58,61
4158403: 20,6,12
4158394: 8,3,20
4158364: 5,2,1
4158360: 19,5,16
4158308: 5,1,5
4158028: 73,92,88
4157953: 102,33,119
4157958: 13,27,23
4158395: 44,11,30
4158528: 4,2,7
4158500: 7,2,5
4158486: 3,2,3
4158416: 13,4,10
4158417: 9,0,4
4158413: 8,8,13
4158451: 13,12,18
4158427: 6,2,8
4158402: 7,11,9
4158221: 14,20,15
4158174: 23,29,40
4158021: 24,40,28
4158164: 17,13,25
4158044: 1,4,1
4157866: 0,6,11
4157838: 3,10,16
4157761: 45,81,112
4157498: 24,45,42
4157030: 37,42,44
4156964: 221,351,428
4157005: 18,31,27
4156976: 17,28,26
4157063: 6,14,27
4157034: 37,50,66
4156975: 20,58,66
4156918: 1,6,5
4156893: 10,13,15
4156690: 0,0,1
4156666: 8,28,39
4156655: 3,3,2
4156645: 7,10,17
4155312: 22,19,25
4155277: 27,31,28
4154831: 4,7,5
4154434: 13,14,20
4154371: 7,8,7
4154192: 61,76,82
4154067: 9,14,24
4154864: 9,7,11
4153050: 2,9,8
4153001: 13,32,36
4152868: 6,15,8
4150050: 32,47,63
4152813: 5,12,21
4135047: 6,0,5
4119869: 4,5,18
4118680: 15,19,27
4118798: 0,4,6
4118661: 62,71,136
4117565: 9,7,18
4116861: 4,8,5
4116823: 16,8,11
4116804: 1,5,6
4116618: 6,3,8
4114153: 7,13,8
4114150: 1,12,5
4114146: 10,24,15
4114134: 7,8,8
4114105: 7,25,17
4114103: 1,24,6
4114099: 23,57,29
4114032: 5,37,10
4113593: 6,17,10
4113494: 3,12,6
4112864: 94,279,197
4109296: 8,3,4
4109253: 5,6,6
4108359: 8,11,5
4108202: 11,10,8
4107056: 12,15,28
4106860: 16,17,19
4106566: 10,14,10
4106375: 20,28,21
4105760: 14,17,12
4105691: 11,11,23
4104245: 5,6,5
4098455: 9,3,13
4098166: 134,54,94
4012538: 6,10,9
4012513: 0,3,4
4012220: 14,17,25
4001852: 23,17,25
4000688: 6,7,16
3948650: 0,1,8
3945776: 16,3,8
3921503: 12,9,16
3919070: 33,39,37
3914122: 4,12,7
3911820: 9,18,11
3912329: 14,17,8
3908895: 7,12,10
3908881: 16,8,21
3908857: 8,2,9
3908871: 12,7,9
3912246: 31,59,56
3911987: 7,21,13
3920246: 17,4,15
3920879: 9,9,6
3920792: 2,0,2
3920717: 9,8,12
3888161: 3,7,9
3850771: 15,16,33
3887900: 17,31,33
3920823: 13,12,11
3908983: 15,15,17
3945923: 1,2,1
3944883: 39,34,52
3941674: 10,7,11
180326040: 0,0,2
3921332: 22,16,34
3992431: 2,10,4
3990414: 27,64,56
3990246: 7,39,19
3990084: 187,148,167
3988335: 37,92,55
3988267: 19,43,63
3988085: 8,6,3
3986722: 3,14,13
3986674: 12,21,21
3986306: 12,9,28
3986030: 20,22,16
3985237: 82,114,167
180421023: 0,0,1
3980699: 18,43,33
3980417: 8,10,16
3973742: 10,13,29
3973019: 28,74,34
3972866: 21,84,63
3972135: 62,158,93
3972183: 19,65,42
3971958: 129,457,256
3958859: 22,33,55
3958440: 123,221,208
3940194: 12,14,18
3939168: 9,35,33
3938987: 3,2,5
3934214: 4,2,1
3918624: 1,0,0
3917080: 3,6,4
3916736: 2,1,4
3914843: 3,3,6
3914013: 3,5,4
3912491: 0,7,10
180312023: 1,0,0
3911191: 1,5,5
3906293: 3,9,13
3906195: 0,5,8
3905827: 3,6,8
3901103: 2,0,3
3898619: 3,3,5
180304025: 0,1,1
3906024: 13,38,21
3905719: 34,66,61
3905613: 13,15,20
3908463: 10,13,6
3908032: 1,0,3
3907732: 2,7,3
3906952: 6,8,7
3903691: 2,4,0
3901246: 11,14,31
3901223: 11,6,9
3897139: 16,30,23
3888311: 3,4,12
3896395: 20,18,31
3891701: 17,24,31
3887737: 4,12,10
3887555: 5,5,12
4209683: 3,16,4
4209686: 1,14,9
4214750: 6,7,6
4212998: 10,25,20
4192880: 35,47,54
4192735: 2,4,1
4192694: 4,9,9
4190431: 13,18,11
4189695: 7,6,2
4189126: 35,63,50
4188796: 1,3,3
4187998: 8,8,12
4187876: 5,2,5
4187522: 5,5,12
4186563: 3,11,7
4147216: 18,9,9
4145576: 11,25,27
4145560: 4,16,12
4145556: 2,0,9
4145519: 5,6,8
4145504: 12,15,20
4145404: 7,7,11
4144965: 14,41,18
4144911: 6,15,17
4144708: 1,1,1
4144052: 7,24,24
4142607: 13,19,14
4143527: 4,11,14
4143513: 4,5,5
4143467: 1,2,0
4143422: 1,2,2
4143203: 10,17,17
4143125: 11,8,17
4142748: 2,5,7
4141709: 7,16,19
4140251: 28,45,50
4140104: 9,15,16
4139811: 10,34,20
4139728: 21,51,62
4139700: 34,43,63
4139622: 21,23,31
4139619: 7,15,17
4139501: 19,30,43
4139135: 14,32,33
4139019: 50,90,109
4139002: 19,32,44
4138914: 8,27,27
4138842: 8,22,16
4138298: 32,63,77
4137449: 15,20,39
4137442: 14,39,44
4137395: 36,68,72
4137361: 0,1,4
3961118: 0,5,13
3814901: 6,5,7
3811702: 6,10,12
4138198: 33,62,68
4137639: 6,20,15
4135096: 7,8,5
4134806: 22,27,30
4133708: 8,25,15
4133703: 12,17,12
4133687: 7,27,22
4133685: 17,25,16
4133684: 7,20,20
4133654: 7,7,5
4133604: 1,2,2
3984187: 8,10,10
3982307: 4,0,7
3981597: 17,35,30
3980507: 3,8,11
3980449: 10,6,16
3980423: 11,26,26
3980491: 8,20,15
3979885: 16,22,29
3979855: 8,21,21
3979566: 3,4,7
3967822: 3,3,5
3965696: 184,233,289
3965614: 45,89,113
3965498: 36,55,39
3965246: 15,32,33
3965140: 25,36,40
3964997: 11,7,7
3964759: 17,24,17
3964597: 25,38,48
3963765: 7,21,16
3957986: 13,32,22
3957921: 10,6,25
3963123: 24,60,45
3963046: 80,153,118
3963104: 10,15,22
3962716: 13,32,24
3961188: 8,14,14
3961983: 3,15,16
3961318: 3,15,8
3960728: 4,25,18
3959779: 2,11,8
3959769: 1,3,8
3954900: 2,7,7
3954799: 6,5,7
3949484: 12,25,18
3948010: 50,109,106
3947959: 47,126,72
3947005: 8,24,23
3944820: 18,32,35
3940191: 1,2,1
3778928: 1,6,6
4214804: 12,32,19
4214736: 1,12,6
4214173: 161,271,269
4214105: 13,18,23
4214104: 62,115,149
4213955: 123,325,211
4213772: 30,45,68
4213714: 29,49,57
4213558: 44,108,100
4213323: 9,13,9
4213238: 12,16,11
4211318: 19,25,34
4150421: 32,70,63
4149107: 20,36,52
4149009: 8,14,14
4148921: 20,41,26
4148849: 0,2,0
4148823: 0,1,2
4148749: 6,4,6
4148608: 4,3,2
4147955: 4,3,4
4147871: 1,3,3
4147481: 1,0,0
4146854: 0,2,3
4144332: 11,10,14
4141660: 0,6,4
4141130: 0,3,0
4141040: 3,11,5
4140763: 10,29,30
4140758: 0,6,8
4140747: 1,4,7
4140730: 1,1,2
4140662: 3,9,6
4140462: 11,11,21
4140279: 4,11,8
4131874: 5,13,8
4131756: 4,5,3
4131734: 11,56,37
4131722: 9,24,20
4131682: 79,170,107
4131678: 6,15,11
4131721: 6,2,8
4140645: 72,52,75
4140597: 59,90,82
4140624: 15,17,16
4140705: 6,14,8
4140649: 10,10,16
4140723: 4,9,17
4140871: 2,1,5
4140788: 3,0,7
4133624: 4,3,7
4132682: 4,1,9
4132388: 7,8,10
4131723: 6,6,1
4131250: 4,3,6
4127212: 6,10,12
4126415: 15,35,17
4121746: 1,1,0
4121482: 1,2,0
4120066: 0,0,3
4119989: 2,1,1
4119268: 9,2,3
4118776: 8,7,6
4118449: 16,8,10
4118284: 0,1,1
4118002: 1,2,0
4117554: 1,1,0
4116146: 0,1,0
4117315: 0,0,1
4114219: 1,5,6
4114148: 5,8,4
4027666: 11,31,11
4214862: 19,33,19
4214197: 69,107,104
4214119: 57,85,99
4214343: 69,241,154
4214848: 15,21,19
4214850: 6,24,16
4214865: 8,17,8
4214718: 6,5,5
4212587: 24,47,35
4212476: 9,16,12
4212353: 3,17,5
4211820: 6,16,12
4211704: 8,16,15
4211667: 8,16,10
4211649: 9,13,15
4211641: 11,29,16
4211279: 1,1,2
4199997: 1,0,0
4197998: 0,6,1
4197268: 0,3,4
4197221: 3,1,1
4196597: 4,5,7
4196569: 1,3,0
4197325: 1,0,1
4199555: 4,8,3
4198336: 0,1,0
4197520: 6,7,13
4197478: 0,6,2
4131180: 0,1,0
3727872: 0,1,1
4129136: 1,3,1
4129079: 0,4,4
4127285: 15,79,24
4127139: 9,51,23
4121785: 7,16,8
4120949: 0,7,4
4120811: 6,6,5
4120626: 5,11,11
4120184: 23,30,26
4116805: 11,22,12
4116560: 17,25,20
4116367: 22,38,31
4115771: 21,72,55
4110184: 14,17,21
4103350: 10,18,32
4103109: 10,13,7
4102989: 15,18,25
4102870: 31,29,37
4102693: 83,54,65
4102610: 9,7,12
4102526: 16,41,28
4099402: 28,15,50
4099282: 13,7,12
4097847: 2,4,5
4097567: 10,14,18
4097452: 4,5,14
4099267: 22,67,47
4099225: 110,122,125
4099118: 19,16,19
4099106: 34,84,88
4214876: 4,15,6
4214056: 0,5,6
4214014: 3,11,17
3896073: 5,9,8
3895879: 1,4,10
3893663: 29,44,38
3893512: 28,34,40
4214896: 5,8,5
4214714: 7,33,18
4214506: 57,161,122
4212560: 22,103,73
4212217: 10,38,36
4212196: 20,29,34
2675451: 0,2,1
4214592: 9,10,13
4214428: 58,136,137
4213893: 146,346,271
4158702: 40,34,55
4158692: 14,13,20
4158645: 18,30,38
4158644: 8,10,17
4158525: 1,4,7
4158519: 0,0,2
4158508: 3,9,12
4158477: 8,14,15
4158269: 7,12,29
4158356: 3,1,5
4158373: 83,270,204
4158361: 7,15,8
4158222: 7,11,6
4157985: 10,30,11
4157640: 19,32,32
4157106: 43,66,64
4157092: 4,12,15
4133828: 8,13,11
4133711: 7,13,20
4158511: 4,5,5
4158301: 9,8,15
4157929: 7,7,7
4214720: 2,6,2
4214683: 4,6,8
4214921: 19,20,32
4214140: 59,80,100
4214753: 0,2,0
4214285: 9,20,19
4214253: 22,43,15
4213896: 11,17,4
4213705: 9,48,33
4213116: 5,22,14
4179656: 6,12,14
4179632: 0,4,1
4179303: 3,11,6
4178797: 2,0,1
4178539: 4,9,12
4178525: 1,4,6
4174276: 0,1,3
4173843: 2,4,3
4166935: 1,0,0
4165197: 0,2,0
4163733: 0,1,4
4163357: 0,3,8
4135261: 1,2,0
4132207: 1,0,0
4088732: 0,0,1
4143514: 0,0,3
4186072: 2,4,1
4214941: 13,36,31
4214649: 36,84,68
4214115: 7,7,8
4214070: 24,48,43
4210004: 50,72,88
4209964: 24,42,45
4172907: 68,224,149
4172653: 43,150,116
4171846: 19,30,23
4171597: 31,40,40
4165986: 11,9,11
3547732: 14,24,20
4165363: 72,123,121
4137652: 10,25,33
4137632: 3,6,4
4137410: 4,7,3
4137629: 4,23,15
4137023: 0,1,2
4136327: 20,27,29
4134588: 3,1,2
4134165: 18,48,30
4122830: 5,29,18
4121677: 15,44,35
4117111: 9,50,21
4105939: 26,94,59
4093690: 2,1,12
4094342: 21,36,29
4093760: 7,3,3
4084662: 9,11,6
4080430: 3,3,2
4079321: 1,3,2
4078935: 17,14,8
4078930: 1,0,1
4076352: 1,1,1
4060889: 11,17,5
4058411: 0,1,0
4058272: 1,2,0
4057870: 1,2,2
4057465: 12,14,12
4057195: 4,4,3
4056580: 4,7,5
4055659: 7,12,8
4054818: 4,8,14
4054392: 2,10,5
4054245: 1,17,9
4052438: 5,13,6
4050813: 13,17,17
4043671: 2,12,11
4043596: 9,6,19
4042887: 20,95,43
4042824: 0,4,3
4040503: 15,34,32
4040477: 4,5,1
4040020: 7,17,5
4040008: 2,4,2
4039645: 2,4,1
4036360: 2,5,1
4036092: 3,8,2
4033522: 17,35,24
3992539: 5,6,3
3991821: 3,8,3
3987479: 0,1,0
3979468: 4,4,2
3978214: 3,0,2
3976248: 0,1,0
3976007: 0,2,0
3974173: 2,5,4
3953737: 1,3,0
3951838: 2,8,4
3949525: 6,4,2
3948793: 1,5,0
3943431: 0,1,0
3929325: 2,2,2
3922790: 0,6,1
3921378: 3,0,3
3921357: 1,4,4
3921250: 10,14,6
3918122: 1,4,2
3917169: 4,10,6
3906405: 1,6,2
3906284: 2,3,5
3904851: 4,20,12
3901472: 3,2,3
3915208: 6,5,9
3912343: 7,11,7
3912504: 20,15,17
3915171: 1,1,1
3914512: 1,2,1
3914174: 1,1,2
3913637: 3,5,3
3913623: 3,10,3
3914088: 7,3,4
3810546: 5,4,0
3810244: 0,3,5
3800703: 3,8,10
3800681: 0,3,3
3797954: 5,19,16
3800195: 2,3,3
3800060: 2,2,2
3800041: 16,9,16
3799926: 4,8,8
3797956: 5,14,18
3797941: 4,3,2
3797177: 9,29,24
3797264: 7,25,6
3799440: 9,6,3
3799053: 0,6,2
3797952: 7,31,18
3914357: 2,8,2
3912598: 1,2,0
3886557: 0,0,1
3886413: 1,0,1
3883817: 1,1,2
3881800: 4,14,13
3880935: 0,0,1
3881674: 0,4,1
3875694: 0,1,1
3874815: 1,3,10
3873804: 1,1,1
3872488: 0,1,2
3871822: 0,2,1
3871732: 1,2,3
3871637: 1,10,5
3869037: 0,0,2
3871691: 0,1,0
3871547: 1,1,0
3843371: 0,0,1
3871790: 2,1,3
3873508: 0,2,2
3873451: 6,2,9
3873249: 6,6,18
3882248: 4,14,16
4214065: 2,2,3
3995787: 12,35,28
4214702: 4,3,9
4205809: 2,8,6
4214687: 21,44,31
4212744: 9,36,22
4210229: 9,40,19
4210138: 10,32,13
4214697: 5,4,3
4213284: 42,100,71
3881286: 6,10,8
4213365: 6,13,10
4213258: 19,26,36
4212629: 5,4,3
4212372: 25,17,27
4212326: 0,0,2
4212593: 26,25,25
4211594: 1,1,1
4211387: 2,10,8
4211311: 12,30,15
4211235: 48,98,60
4210950: 174,380,283
4210684: 13,48,32
4210390: 1,6,2
4208231: 0,7,2
4207956: 0,0,1
4205825: 1,1,3
4202580: 6,22,11
4199063: 0,1,2
4198853: 4,6,13
4198629: 0,4,1
4196101: 0,5,5
4196025: 6,50,15
4186665: 2,3,1
4186473: 0,1,2
4186055: 20,61,31
4184870: 16,43,28
4185864: 8,16,8
4185748: 4,26,19
4185290: 24,55,46
4184740: 14,40,29
4184319: 3,26,15
4184507: 3,13,7
4184365: 14,51,8
4184300: 26,97,49
4184162: 32,60,39
4182512: 43,116,80
4182510: 59,145,93
4182455: 45,86,60
4182424: 49,109,85
4182209: 28,104,75
4182204: 28,81,58
4181046: 2,10,11
4180674: 11,25,17
4180583: 25,70,46
4180333: 15,63,36
4179319: 1,9,0
4182342: 107,612,203
4182319: 109,307,249
4182138: 13,26,11
4181914: 14,47,35
4181728: 31,81,60
4181678: 25,81,70
4182459: 29,98,71
4182987: 6,32,28
4182958: 31,76,52
4182812: 69,272,257
4182708: 13,42,32
4181850: 30,58,35
4181820: 24,60,37
4182160: 35,115,76
4181944: 25,87,49
4181888: 4,22,13
4181200: 6,19,13
4057293: 10,17,21
4057210: 38,81,95
4055725: 39,58,89
4044177: 8,19,32
4056931: 30,47,65
4056449: 13,9,8
4055760: 6,6,3
4053708: 23,56,35
4055455: 19,22,27
4055386: 22,40,32
4055329: 7,21,13
4053639: 98,180,135
4053534: 42,115,90
4053231: 28,94,64
4052656: 29,96,69
4052080: 26,169,97
4051942: 50,140,93
4050404: 72,129,123
4050385: 52,88,88
4050383: 24,41,53
4050209: 102,126,131
4049817: 43,137,93
4049762: 29,79,66
4049750: 57,257,145
4049518: 104,107,137
4049406: 32,80,63
4049333: 48,111,88
4049256: 52,88,91
4048534: 33,60,69
4048527: 7,22,23
4048436: 72,152,135
4047779: 26,35,54
4046836: 73,129,153
4046448: 52,127,94
4046327: 28,84,81
4046248: 11,37,31
4045844: 16,48,45
4045377: 102,230,188
4045134: 59,114,83
4045013: 36,80,48
4043454: 233,406,330
4043321: 77,156,133
4031714: 11,22,21
4031524: 49,130,100
4031290: 45,139,119
4031288: 36,102,69
4031115: 7,42,32
4031051: 5,16,10
4030416: 21,62,49
4024705: 0,4,3
4024340: 2,8,2
4022293: 49,79,94
4019907: 15,24,26
4019834: 1,3,6
4010841: 3,11,8
4010823: 7,3,3
4007662: 182,235,294
4007390: 359,354,556
4004592: 81,93,122
4002967: 44,70,87
4003485: 21,56,41
4003263: 12,15,14
4003109: 2,8,5
4007660: 11,15,20
4007642: 64,108,128
4003838: 47,67,76
3889571: 48,29,86
3888956: 4,3,8
3888924: 1,1,1
3887850: 2,3,0
3887838: 2,0,2
3887717: 0,0,2
3888866: 6,3,11
3888050: 1,1,4
3886235: 1,0,8
4010926: 1,2,7
4010519: 35,73,105
4010462: 4,11,7
4010434: 1,3,2
4010316: 9,7,12
4010201: 2,11,5
4000541: 13,17,19
4000399: 19,61,35
4000273: 23,110,52
4000183: 40,92,79
3999700: 39,46,66
3999693: 49,91,102
3999658: 19,44,31
3999646: 22,38,55
3999621: 23,71,65
3999617: 24,61,56
3999608: 26,42,53
3999516: 154,261,333
3999445: 93,115,156
3999931: 54,51,92
3999913: 70,130,145
3999773: 84,124,159
